Year_Built,Gr_Liv_Area,First_Flr_SF,Garage_Cars,Total_Bsmt_SF,Fireplaces,MS_Zoning_Residential_Low_Density,Lot_Area,Garage_Area,Functional_Sal
1962,1045,1045,2,1045,0,1,7400,528,0
1900,1844,1157,1,709,2,0,4800,240,0
1972,894,894,2,894,0,1,7200,600,0
1983,884,884,2,840,0,1,9180,504,0
1930,1200,780,0,780,0,0,8155,0,0
1958,951,951,2,951,0,1,8010,480,0
1947,698,698,0,698,0,1,9405,0,0
1957,1790,1790,2,998,2,1,14250,540,0
1998,1796,882,2,794,0,1,9531,546,0
1959,882,882,1,0,0,1,8339,294,0
2004,1836,1836,3,1836,1,1,11362,862,0
1952,944,944,2,0,0,1,10206,528,0
1910,1432,768,2,264,0,0,9600,360,0
1979,1535,1535,2,0,0,1,7018,410,0
2003,1760,1760,2,1760,1,1,12878,583,0
1935,3447,1968,3,728,2,1,14100,1014,0
1995,2090,1220,2,1220,1,1,10000,556,0
1910,1330,665,1,396,0,0,7518,390,0
2004,1080,1080,0,1080,0,1,7500,0,0
1954,1383,1383,1,1383,1,1,13284,354,0
1964,1152,1152,2,1152,1,1,14112,484,0
1999,1430,774,2,384,1,1,7848,410,0
1895,1991,1034,0,957,0,0,8250,0,0
2007,1162,1162,2,1162,0,1,9260,483,0
1993,1680,886,2,886,0,1,8480,474,0
1976,1083,1083,2,1047,1,1,9927,596,0
1996,1291,1291,2,1291,1,1,2887,431,0
1941,1564,860,1,704,1,1,12000,234,0
1950,1040,1040,2,0,0,1,8544,400,0
1953,950,950,2,984,0,1,12774,400,0
1999,1224,1224,2,1224,0,0,4500,402,0
1976,958,958,2,1078,1,1,4928,440,0
2007,1734,1734,3,1734,1,1,12085,928,0
1921,1710,902,2,576,0,0,10300,480,0
1956,1202,1202,1,1202,0,1,8750,304,0
1910,2256,1128,0,840,0,0,9045,0,0
2008,1808,1808,3,1774,1,1,13514,850,0
1957,1105,1105,1,1105,0,1,10454,308,0
1965,1024,1024,1,1024,0,1,13052,308,0
1965,1040,1040,1,1040,0,1,11200,384,0
1963,1045,1045,1,1045,1,1,7936,264,0
2007,1571,1571,3,1571,1,1,10991,722,0
1954,1363,1363,2,1385,2,1,39104,439,0
1987,1200,1200,0,1200,0,1,10800,0,0
1986,1453,1453,2,1453,1,1,5271,445,0
2009,1502,1502,2,1502,0,1,9541,644,0
2006,1394,754,2,384,0,1,9735,400,0
1950,1040,1040,2,0,0,1,8544,400,0
1990,1442,1442,2,910,1,1,10357,719,0
1969,1082,1082,2,973,0,1,8723,480,0
1960,1175,1175,2,1175,0,1,7635,484,0
1945,640,640,1,0,0,1,8777,240,0
2006,1489,1489,2,1489,1,0,11216,776,0
1988,1752,1080,2,559,0,1,12134,492,0
1950,1521,910,1,910,0,1,12144,597,0
1956,1898,1898,2,1898,2,1,26073,484,0
1954,1293,1293,2,1178,0,1,11027,452,0
1914,1264,676,2,676,0,1,15564,400,0
1971,1258,1258,2,1258,0,1,11040,528,0
1962,1696,1696,1,1140,1,1,13673,349,0
1921,1436,851,1,585,1,1,6720,228,0
1915,1344,808,0,536,0,0,10320,0,0
1940,708,708,0,420,0,1,5330,0,0
2005,2000,2000,3,1910,2,1,18261,722,0
2007,2772,1794,3,1776,3,1,14257,754,0
2003,2374,1234,3,1181,1,1,11999,656,0
1918,1228,628,1,600,1,1,7155,215,0
1967,2640,1271,2,932,1,1,10400,515,0
1965,960,960,1,960,0,1,10921,432,0
1900,720,448,1,448,0,1,7008,280,0
1992,1845,1055,2,1055,1,1,11218,462,0
1922,1470,868,2,738,0,0,10560,624,0
1910,1049,671,1,356,0,0,5150,195,0
2007,1266,1266,2,1266,1,1,3710,388,0
1990,2514,1298,2,1216,0,1,11170,693,0
1964,1611,798,2,780,0,1,9760,442,0
1993,1169,1169,2,1160,1,1,8076,402,0
2007,1234,1234,2,1234,0,1,11049,484,0
1961,896,896,1,882,0,0,11622,730,0
1962,1382,1382,2,1362,1,1,19296,884,0
1978,1671,1671,2,1427,1,1,10928,484,0
1978,1432,1432,2,1360,1,1,16157,588,0
2003,1557,1557,2,1374,1,1,3196,420,0
1994,1494,1494,2,1494,1,1,9466,478,0
2006,1364,1364,2,1220,1,1,3087,437,0
1938,1582,994,1,952,1,0,6120,250,0
1910,1760,981,2,1077,1,1,10818,648,0
1954,1062,1062,1,1062,0,1,8128,297,0
1962,1812,876,1,864,1,1,7590,264,0
1972,864,864,2,864,0,1,7200,576,0
2001,2263,1055,2,1055,1,1,9240,905,0
1992,1187,1187,2,1168,0,1,7980,420,0
1998,1382,751,2,384,1,1,8923,396,0
1981,2497,2497,2,2461,2,1,17778,676,0
2006,1301,1301,2,1293,1,0,7200,572,0
1940,1436,884,2,884,2,0,10800,828,0
1923,1068,1068,1,1124,1,0,6120,288,0
2007,1660,1660,3,1660,1,0,10625,660,0
1900,1836,1150,1,686,0,0,56600,288,0
2003,1455,1455,3,1415,1,1,3940,644,0
2003,2392,2392,3,2392,1,1,13472,968,0
1975,1012,1012,0,976,0,1,7840,0,0
2003,2048,1072,2,1054,2,0,8010,552,0
1969,1427,1427,2,1427,0,1,11104,516,0
1945,670,442,0,370,0,1,3500,0,0
2004,1500,1500,2,1500,0,1,8487,570,0
2005,1484,783,2,783,1,1,10237,393,0
2006,2748,1850,3,1850,1,1,13418,850,0
2006,1816,1816,3,1790,1,1,12469,730,0
2005,2098,1038,3,1030,1,1,10240,878,0
1972,1381,1381,2,1161,1,1,9360,676,0
2007,1392,703,2,689,0,0,3180,540,0
1960,958,958,1,958,0,1,12772,301,0
1955,1152,1152,0,0,0,1,6882,0,0
1972,987,483,1,483,0,0,1680,264,0
2005,1072,1072,2,547,0,0,3675,525,0
2006,1797,939,2,939,0,1,9245,639,0
1978,2840,1420,4,1420,2,1,12511,1314,0
1998,1425,1425,2,1425,0,1,8685,591,0
1960,1429,1429,2,1144,2,1,14585,572,0
2001,1929,1057,2,1057,1,0,7050,650,0
2007,1651,1651,3,1643,1,1,10235,870,0
2006,3390,1528,3,1528,1,1,18062,758,0
1961,914,914,1,914,0,1,17199,270,0
1959,1144,1144,1,1144,1,1,8163,796,0
1954,833,833,1,833,0,1,5400,326,0
1939,1465,992,1,992,2,1,10164,240,0
1999,1344,1344,2,1344,1,1,11875,686,0
1900,2168,928,2,760,0,0,8660,576,0
1962,1283,1283,2,931,0,1,7763,506,0
1957,1236,1236,1,1070,1,1,10011,447,0
2004,1490,788,2,788,1,1,15384,388,0
2006,2338,2338,3,2660,2,1,51974,1110,0
2002,2290,1149,2,1128,1,1,11250,779,0
1978,1040,1040,0,1040,0,1,8430,0,0
1978,1026,1026,2,940,0,1,10970,576,0
1998,2006,2006,3,1982,1,1,11675,938,0
1960,1138,1138,2,1138,1,1,15312,480,0
1910,2104,1226,2,1226,0,0,6300,432,0
2005,1200,520,2,600,0,0,3180,480,0
1958,1315,838,2,808,0,0,4330,436,0
1959,1143,1143,1,1143,0,1,8050,308,0
1996,2037,1302,2,672,1,1,10541,472,0
1971,864,864,2,864,0,1,9000,528,0
1975,1193,1193,2,1176,1,1,11050,506,0
2008,1630,1630,3,1622,1,1,10226,860,0
1910,1184,658,0,658,0,1,8410,0,0
1910,1464,764,0,504,0,0,9900,0,0
1977,907,907,1,876,0,1,16300,308,0
1961,864,864,1,864,1,1,8100,420,0
2002,2004,878,3,870,1,1,12891,644,0
1941,1350,864,3,576,0,1,8375,627,0
1956,882,882,0,882,0,1,5500,0,0
1950,1048,1048,2,0,0,1,7200,420,0
2004,1618,1618,3,1618,1,1,16163,880,0
1955,960,960,2,960,0,0,6000,576,0
1930,1324,741,1,741,0,0,6120,180,0
1971,1078,1078,2,1078,1,1,12537,500,0
2003,2082,1362,2,1362,0,0,11426,484,0
2000,1512,756,2,756,0,0,2980,440,0
1968,1392,1392,2,1392,2,1,13560,576,0
2000,1525,1525,2,1525,0,1,9100,541,0
1997,1604,926,2,926,1,1,8702,470,0
1945,1182,885,1,770,0,0,9576,378,0
1910,1250,661,2,661,1,1,5362,552,0
1995,1616,1616,2,1595,1,1,5389,608,0
2003,1575,1575,3,1603,1,1,10845,732,0
1999,1983,1005,2,978,1,1,10762,490,0
1951,1220,1220,2,836,0,1,8877,396,0
1952,1474,1474,2,1632,2,1,31220,495,0
1971,864,864,2,864,0,1,10500,576,0
2002,2169,1284,2,1284,1,1,9375,647,0
1930,768,768,2,768,0,0,6291,440,0
2009,1940,1940,3,1930,1,1,10159,606,0
1956,1375,1375,1,1240,1,1,14175,323,0
2001,1788,1788,2,1753,1,1,11838,522,0
2003,2283,1008,3,1008,1,1,11792,632,0
1940,1302,798,1,680,2,1,6960,224,0
2000,1874,1058,2,1058,1,0,7500,588,0
1915,1717,961,3,756,1,1,9550,642,0
1954,1383,1383,2,0,0,1,15635,498,0
1900,1812,1032,2,360,1,0,7630,672,0
2008,2713,1476,3,1452,1,1,14948,858,0
1969,2080,1040,2,1040,2,1,11606,504,0
1976,1935,1142,2,793,1,1,12384,550,0
1910,1346,796,1,560,0,1,11767,384,0
2005,1752,1752,2,1752,1,1,7658,576,0
2006,1846,1846,2,1836,1,1,13377,495,0
1969,2634,1338,4,1248,0,1,11643,968,0
1994,990,990,2,990,0,1,9245,672,0
2003,1405,1405,2,1405,1,1,3242,478,0
1963,1040,1040,2,1064,0,1,25286,648,0
1988,2062,1180,2,1157,1,1,14364,454,0
1941,2133,1225,1,1528,2,1,10452,312,0
1930,1004,502,1,502,1,0,3960,200,0
1959,876,876,1,876,0,1,6410,320,0
1960,1242,1242,1,1242,0,1,7903,324,0
1968,948,948,1,948,0,1,8978,300,0
1985,833,833,0,833,0,1,8780,0,0
2006,1574,1574,3,1574,1,1,11957,824,0
1957,1478,1478,2,1478,2,1,8400,442,0
2004,1436,1436,2,1436,0,1,8450,484,0
1940,919,600,1,600,0,1,6001,231,0
1900,1141,761,1,570,0,0,5925,252,0
2004,2473,1143,3,1143,1,1,9591,852,0
1960,1081,1081,1,1081,0,1,12929,401,0
2004,1422,1422,2,1422,0,1,8500,626,0
1920,864,432,1,592,0,0,9000,216,0
1908,2358,1307,2,907,1,1,45600,360,0
2005,1538,1538,2,1538,0,1,8847,484,0
2006,2643,2069,3,2153,1,1,13693,694,0
1978,1295,1295,2,1057,2,1,3840,571,0
1997,1337,1337,2,1405,1,0,10943,522,0
1969,1352,663,1,663,0,1,9364,299,0
1961,1144,1144,2,1144,0,1,7875,456,0
2008,2007,1026,3,1017,1,0,11003,812,0
1977,1483,1483,2,1420,2,1,20062,690,0
1953,1630,1630,2,1073,1,1,22692,649,0
1977,1212,1212,2,506,1,1,8471,492,0
1947,912,672,0,0,0,0,6240,0,0
2004,1646,1646,2,1594,1,0,3842,525,0
1951,1575,1575,2,216,1,1,10170,400,0
1974,2067,1285,2,752,2,1,12732,784,0
2007,1456,728,2,728,1,1,9018,400,0
2005,1768,866,2,866,0,0,9803,603,0
2008,1254,1254,3,1254,0,1,10324,810,0
1984,1003,1003,2,1003,0,1,7937,588,0
1994,1958,1029,2,779,1,1,9317,499,0
1970,630,630,0,630,0,0,1470,0,0
2008,1720,1720,3,1720,1,1,10816,846,0
2007,2290,2290,3,2320,1,1,17169,1174,0
1978,1032,1032,2,1032,1,1,10395,564,0
1970,864,864,2,864,0,1,6960,660,0
1954,988,988,2,988,0,1,21750,520,0
1968,1721,1721,2,1461,1,1,10335,440,0
2007,1698,1698,3,1698,1,1,13286,768,0
1916,2134,1445,2,844,0,1,11888,441,0
1960,1721,1721,2,988,2,1,10532,626,0
1992,1575,1575,2,1575,0,1,8012,529,0
2007,1704,1704,3,1704,1,1,11478,772,0
1922,498,498,1,498,0,1,8088,216,0
1955,1661,1661,1,992,1,1,9600,377,0
1996,2013,1127,2,1117,1,1,9920,455,0
1999,1755,840,2,840,1,1,9468,530,0
1919,1824,1060,2,764,1,1,13515,520,0
1978,1664,1664,2,1529,1,1,12299,663,0
1977,1411,1411,2,1386,1,1,11900,544,0
2004,1245,1245,2,1235,0,0,3435,495,0
1987,1501,1501,2,1501,2,1,4054,512,0
1900,2014,1007,2,716,0,0,9856,624,0
1976,1324,1324,2,1228,1,1,8991,585,0
1992,1731,844,2,836,0,1,9370,462,0
1975,980,980,0,945,0,1,9400,0,0
1953,1036,1036,1,1036,0,1,7584,312,0
2007,1358,1358,2,1350,1,1,7301,484,0
1993,1710,832,2,832,0,1,9291,506,0
1950,2177,1102,2,1032,0,1,15600,484,0
2005,2868,1992,3,1992,1,1,16056,716,0
1970,630,630,1,630,0,0,1477,286,0
1977,1026,1026,1,1026,0,1,15240,308,0
1980,1056,1056,2,1056,0,1,6979,576,0
1968,890,890,1,890,0,1,8450,308,0
1960,1771,1771,2,0,1,1,21750,336,0
1974,894,894,2,864,1,1,13350,440,0
1929,715,715,2,715,0,1,10914,660,0
1973,988,526,1,526,0,0,1974,297,0
1998,1772,928,2,928,1,1,8750,492,0
2005,1208,1208,2,1208,0,1,7488,632,0
2003,848,848,2,848,0,0,4435,420,0
1997,1771,872,2,864,0,1,13142,600,0
2005,1316,1316,2,1316,1,1,10237,397,0
2006,1694,1694,3,1694,1,1,11825,856,0
2006,1500,1500,2,1489,1,1,8760,674,0
2006,1314,1314,2,1314,1,1,9317,440,0
2005,2490,2490,3,2458,2,1,11128,795,0
2009,1218,1218,2,1218,0,0,9215,676,0
2004,1512,1512,3,1512,0,1,10141,845,0
1925,1159,747,1,747,0,1,7506,288,0
1968,1159,1159,1,1051,1,1,11553,336,0
1963,1117,1117,1,1117,0,1,7590,264,0
1998,1916,1036,3,1049,1,1,11050,741,0
1983,1338,1338,2,520,1,1,19255,576,0
2006,1370,1370,2,1370,1,1,6442,484,0
2007,1266,1266,2,1266,1,1,3182,388,0
2005,1141,1141,2,1141,0,1,13072,484,0
1962,1728,1728,0,1728,0,1,13260,0,0
2009,1547,764,2,756,0,0,8640,614,0
1966,913,913,1,814,0,1,8400,240,0
1956,1104,1104,1,1104,0,1,10425,384,0
2007,1828,1828,3,1822,1,1,11694,774,0
1952,1064,1064,1,864,0,1,10950,318,0
1973,1218,672,1,672,0,0,2058,264,0
1999,1873,988,2,988,1,1,10820,597,0
1954,1375,1375,2,1367,1,1,11310,451,0
1948,789,789,1,789,0,0,6000,250,0
2007,1528,1528,2,1528,1,1,9965,480,0
1942,1494,753,1,771,2,1,7500,213,0
1978,1400,672,2,672,1,1,7844,440,0
1938,1374,932,1,884,0,1,9260,225,0
1931,1818,1226,1,1040,2,0,7758,240,0
2005,1536,768,2,768,0,1,9045,400,0
2005,1223,520,2,600,0,0,2544,480,0
2001,1492,1492,2,1492,1,1,11166,608,0
1957,1306,1306,1,992,0,1,8712,756,0
1998,2475,1645,3,1629,1,1,17433,962,0
1969,971,971,1,971,1,1,9920,300,0
2001,1601,1601,2,1581,1,1,11423,670,0
1964,1921,1921,2,1921,0,1,11136,576,0
2004,2492,2492,3,2492,1,1,14836,949,0
1974,2061,1165,2,1165,1,1,9600,498,0
1958,1053,1053,2,1008,0,1,8973,750,0
1978,1110,1110,2,1097,1,1,9101,602,0
2007,1588,725,2,725,0,0,10411,561,0
1959,1675,1675,1,1422,2,1,15263,365,0
2005,2064,1074,2,1074,1,1,13128,527,0
1940,1717,1125,1,901,1,1,12400,410,0
1915,1962,888,2,888,1,0,8094,572,0
2006,1746,1746,3,1746,2,1,14892,758,0
2005,1506,1506,2,1494,1,1,8251,672,0
2004,2956,1718,3,1706,1,1,13069,916,0
2007,1246,1246,2,1146,1,1,3710,428,0
2004,1548,1548,2,1365,1,0,3072,388,0
1994,1987,1987,2,1986,1,1,14303,691,0
1952,1960,960,2,960,0,0,7596,400,0
1961,1236,1236,1,912,1,1,6993,288,0
1976,1475,925,1,550,1,0,2665,336,0
1958,1632,1632,1,1240,1,1,9600,338,0
1978,1034,1034,2,450,1,1,7703,504,0
1967,2126,1160,2,1013,0,1,28698,538,0
1960,1252,1252,2,1602,1,1,13500,564,0
1998,1661,1661,2,1649,0,1,12137,598,0
1930,912,912,1,520,0,0,7392,360,0
2000,1936,1454,2,1406,1,1,11194,504,0
2006,2828,1466,3,1466,1,1,9965,1052,0
2004,848,848,2,848,1,0,4426,420,0
1979,2228,1114,2,0,0,1,7018,720,0
2007,1428,1428,2,1428,0,0,11639,480,0
1993,1911,1065,2,777,1,1,9554,471,0
1958,912,912,1,912,0,1,7535,297,0
1956,952,952,1,952,0,1,8475,283,0
2006,1240,1240,3,1240,0,1,8556,826,0
1993,1091,1091,1,384,0,1,7706,429,0
1969,1054,1054,2,1054,0,1,9750,460,0
1967,1334,1334,2,1334,0,1,10140,477,0
1965,1200,1200,2,864,0,1,9230,884,0
2005,1324,1324,2,1324,0,1,18494,430,0
1900,1178,859,1,859,0,0,8712,384,0
2004,1709,970,2,970,0,0,2522,380,0
2004,848,848,2,848,1,0,4426,420,0
1976,1680,1680,2,1680,0,1,11500,528,0
1972,864,864,2,864,0,1,12735,576,0
1920,720,720,0,720,0,0,7879,0,0
1977,1934,946,2,1122,1,1,11900,567,0
2005,2206,1117,3,1090,1,1,13975,670,0
1935,729,729,0,270,0,1,4130,0,0
1975,1074,1074,2,1056,0,1,10140,495,0
2010,1418,1418,3,1642,1,0,12853,852,0
1957,1390,1390,2,1705,2,1,39384,550,0
1904,1539,958,2,650,1,0,10440,686,0
1993,2799,1565,3,1286,1,1,12585,704,0
1984,1284,1284,2,1284,0,1,10960,480,0
1958,1955,1151,1,1151,0,0,9000,356,0
1981,1226,1226,2,1226,2,1,3782,484,0
1993,2097,1080,3,1080,1,1,11228,678,0
1991,1478,1478,2,1454,1,1,9928,506,0
1942,1644,888,1,728,2,1,9480,312,0
1950,2158,2158,2,1202,1,1,12615,576,0
1971,1484,1484,2,1484,1,1,12243,487,0
1972,894,894,2,894,0,1,9800,552,0
1969,1968,1168,2,784,1,1,11075,530,0
2000,1892,1008,2,982,1,1,8220,431,0
2006,1830,1302,3,1302,0,1,8778,859,0
1990,2683,1364,2,930,2,1,9205,473,0
1994,2127,1223,2,1223,2,1,10944,525,0
1970,630,630,0,630,0,0,1533,0,0
1976,2030,1118,2,848,1,1,12046,551,0
2007,1563,1563,3,1563,1,1,10206,758,0
2004,1782,1782,3,1782,2,1,16870,932,0
1940,1518,1518,0,1580,2,1,19550,0,0
1936,1639,1166,1,1064,0,1,10480,240,0
1971,796,796,0,796,0,1,6723,0,0
1961,1608,1608,1,1396,0,1,27697,444,0
2003,1509,807,2,783,1,1,7875,393,0
1969,936,936,1,936,0,1,10295,288,0
1917,1224,725,1,689,0,1,10632,180,0
2004,1269,1269,2,1256,1,1,3182,430,0
1956,2071,2071,1,825,1,1,15584,336,0
1968,1416,708,2,708,1,1,11700,776,0
2002,1811,972,2,972,1,0,8470,565,0
1973,1092,525,2,525,0,0,2760,440,0
1976,1728,1728,2,1728,0,1,12640,574,0
1959,1206,1206,1,1206,0,1,10725,312,0
1941,1218,869,2,735,1,0,6000,440,0
1956,1050,1050,1,1050,0,1,9600,338,0
1998,1638,943,2,943,2,1,9042,472,0
2000,1652,782,2,782,0,1,8998,532,0
2007,1966,1966,3,1966,1,1,12291,1092,0
1954,1089,1089,1,1089,1,1,7440,252,0
2008,1578,1578,3,1573,1,1,9262,840,0
1984,889,889,2,864,0,1,12395,484,0
1992,2202,1105,2,1105,1,1,11762,517,0
1963,1395,1395,2,1395,1,1,9760,440,0
1924,1827,1017,1,848,1,1,11737,240,0
1934,1660,849,1,715,1,1,11988,240,0
2005,2541,1164,3,1149,1,1,12328,729,0
1956,1437,1437,2,1188,1,1,14175,576,0
1969,1258,1258,2,1198,0,1,12900,400,0
1976,1548,804,2,804,1,1,2308,440,0
2005,1500,750,2,750,0,1,8846,564,0
1927,1666,1204,1,1204,0,0,5160,384,0
1918,1416,1416,2,816,0,1,25339,576,0
1937,1376,780,1,780,1,0,8600,198,0
1926,960,960,2,850,0,0,6978,576,0
2005,1778,1778,2,1573,1,0,5748,495,0
1998,1886,956,2,930,1,1,11214,431,0
1910,1690,930,2,560,0,1,7200,624,0
1993,2520,1352,3,1338,1,1,14541,796,0
1965,1565,1565,1,1187,2,1,8800,299,0
1950,1040,1040,2,0,0,1,7200,625,0
1940,1656,1095,2,801,0,0,7628,440,0
1940,599,599,0,416,0,1,5400,0,0
2003,2094,912,2,912,1,0,9375,615,0
1960,1269,1269,1,1269,1,1,7931,308,0
1968,1152,1152,2,912,0,1,11700,412,0
1999,2599,1422,3,1393,1,1,14774,779,0
2004,1710,1710,2,1710,1,1,12118,550,0
2006,1537,1537,3,1518,0,1,11563,788,0
1955,1440,1440,0,1440,0,1,12108,0,0
2003,1121,1121,2,1121,0,0,8546,440,0
1976,1671,1671,2,1426,1,1,16280,550,0
1925,1472,842,1,702,0,0,9600,250,0
1964,1251,1251,1,1251,2,1,8800,461,0
1955,768,768,1,768,1,1,8172,355,0
1999,1358,1358,2,1339,0,0,7321,625,0
1994,990,990,1,990,0,1,8428,384,0
1912,2230,954,1,795,0,1,6204,440,0
1998,2097,1108,2,1108,1,1,9750,583,0
1958,1093,1093,1,869,0,0,8516,308,0
2008,5642,4692,2,6110,3,1,63887,1418,0
2006,2389,1054,3,1054,1,1,10672,672,0
1978,907,907,1,907,0,1,16269,343,0
1995,990,990,2,990,0,1,13568,576,0
1954,1278,854,1,854,0,1,7200,240,0
2008,1133,1133,1,192,0,0,9836,308,0
2009,1314,1314,2,1300,0,0,8640,552,0
2002,2031,1128,2,1128,1,1,9473,577,0
1995,2020,1142,2,1128,1,1,9828,466,0
1959,1472,1472,2,0,1,1,11650,484,0
1992,2826,1520,3,1334,3,1,11025,888,0
1938,886,886,1,190,0,0,5784,273,0
1981,1479,725,2,725,1,1,12090,484,0
2006,1370,1370,2,1370,1,1,7132,484,0
1953,1319,1319,1,608,0,1,10634,270,0
1994,1895,1086,2,712,1,1,10832,409,0
1983,2132,1496,2,1496,1,1,12327,612,0
1984,1038,1038,1,1038,0,1,3869,264,0
2006,1125,1125,2,1125,0,1,8536,430,0
1916,1344,624,3,624,0,0,4571,513,0
2005,1721,1721,2,1721,0,1,9254,554,0
2001,1430,1430,2,1413,0,1,16285,605,0
2006,1652,1652,2,1652,2,1,13173,840,0
1978,1456,855,2,855,1,1,2364,440,0
1960,1656,1656,2,1080,2,1,31770,528,0
1935,2108,1236,2,1127,2,1,13728,540,0
1960,1560,1560,2,1560,3,1,25485,580,0
2006,1250,625,2,625,0,0,4251,528,0
1960,1507,1507,1,1075,0,1,7910,404,0
1940,804,804,1,788,2,0,7200,240,0
1980,1102,1102,2,988,1,1,10464,582,0
1963,1572,1572,3,1572,2,1,35133,995,0
2005,1971,1113,2,1113,1,1,9675,689,0
2004,1812,871,2,835,0,1,10628,478,0
1948,1323,948,2,780,0,0,9184,400,0
1940,1567,840,2,840,2,1,13680,440,0
1994,1481,702,2,702,1,1,8125,343,0
1958,912,912,1,912,0,1,10150,275,0
1995,1609,754,2,754,0,1,8453,525,0
1905,1376,714,1,738,0,0,7614,216,0
1963,970,970,2,970,0,1,8480,624,0
1985,2432,1216,2,1216,0,1,7700,616,0
1925,1369,697,1,672,0,0,6629,300,0
1920,1362,751,2,611,0,0,6155,502,0
2008,1736,1736,3,1736,1,1,11578,834,0
2006,1795,1795,3,1795,1,1,9986,895,0
2007,1582,1582,3,1582,0,1,12704,905,0
2005,1132,1132,2,1132,0,1,7024,451,0
1913,694,694,1,440,1,1,4280,352,0
2002,1358,1358,2,1348,1,1,11088,418,0
1985,1742,1742,2,1742,1,1,6563,564,0
1972,1302,630,1,630,0,0,1680,264,0
1958,1312,1312,2,1312,1,1,11355,495,0
1971,872,872,4,858,0,1,8294,480,0
1992,1603,810,2,761,0,1,7153,484,0
2004,1709,970,2,970,0,0,2522,380,0
1914,1484,742,0,742,1,0,6300,0,0
1930,935,779,1,742,0,0,9100,308,0
2006,2589,1738,3,1738,1,1,16387,831,0
1978,1601,1601,2,1271,1,1,11880,478,0
2005,1456,728,2,728,1,1,8199,410,0
1920,2654,1567,2,671,1,1,16779,638,0
1940,778,778,1,740,1,0,6900,924,0
1973,1242,1242,2,1242,1,1,9600,528,0
1982,816,816,1,816,0,1,8314,264,0
1976,1620,1620,2,1281,1,1,9991,490,0
2002,1419,779,2,408,1,1,7750,527,0
2006,1646,1646,3,1638,1,1,10656,870,0
1974,2167,1516,2,1192,2,1,17542,518,0
2007,2161,1610,3,1582,1,1,10562,789,0
1926,919,919,1,894,0,0,7000,195,0
1946,3086,1636,0,1598,1,1,18030,0,0
1966,1567,1567,2,1562,2,1,14695,542,0
2009,1544,1544,3,1544,0,1,12883,868,0
2000,1638,1638,2,1614,1,0,4765,495,0
2005,2091,1625,2,1606,1,1,9942,521,0
2005,2790,1632,4,1620,1,1,12539,1150,0
1984,1097,1097,2,1040,0,1,9672,480,0
2000,2052,1040,3,1107,1,1,10125,642,0
2004,1659,831,2,831,0,1,11920,484,0
2005,1958,1026,3,1026,1,0,10625,936,0
1961,864,864,2,864,0,1,8499,732,0
1948,2320,1547,2,0,1,1,14762,672,0
1971,810,810,2,782,0,1,10820,576,0
1947,1216,832,1,832,0,1,8480,336,0
1977,1969,1161,2,808,1,1,11952,534,0
2006,1442,712,2,352,0,1,9802,400,0
2004,1646,1646,2,1594,1,0,3811,482,0
1966,912,912,1,912,0,1,8169,315,0
1923,1828,942,0,859,0,0,9060,0,0
2003,1114,1114,2,1114,0,1,12450,576,0
2002,1786,1786,3,1778,1,1,14860,715,0
2008,1696,1696,3,1696,0,1,11194,972,0
1984,1232,1232,2,1232,0,1,11120,516,0
2005,1364,1364,2,1364,1,1,7052,484,0
2000,1514,819,2,794,1,1,8433,394,0
2003,1992,1053,2,1053,1,0,9375,648,0
1999,1779,951,2,951,1,1,13426,586,0
1974,1116,1116,2,1116,1,1,10140,528,0
1968,1768,1768,0,1768,0,1,10778,0,0
1988,1688,1688,2,1675,1,1,12680,528,0
1952,882,882,1,720,0,1,11556,240,0
2006,2042,2042,3,1742,1,1,13870,724,0
1895,1361,825,1,173,0,0,5280,185,0
1915,1456,728,1,728,0,0,6000,308,0
2003,1405,1405,2,1405,1,1,3480,478,0
2005,1616,1616,3,1616,0,1,8688,834,0
2006,1863,879,3,879,1,1,14054,660,0
1972,768,768,2,768,0,1,8445,396,0
2006,1550,1112,2,1092,0,0,8125,438,0
1977,1432,716,2,716,1,1,8286,531,0
2005,1792,1792,3,1792,1,1,13758,925,0
1941,924,672,1,672,0,1,12180,280,0
1953,1008,1008,1,1008,0,1,8923,240,0
1997,1493,1493,2,1478,1,1,13125,508,0
2004,1593,864,2,839,1,1,7415,398,0
1997,1417,1417,2,1417,1,1,8750,511,0
1977,1334,1334,2,1350,1,1,9650,630,0
1963,999,999,1,925,0,1,11235,308,0
1998,1839,1195,2,1195,0,1,16770,486,0
2005,1504,1504,2,1346,1,1,3182,437,0
1968,909,909,1,882,0,1,8450,294,0
1954,825,825,1,825,0,1,7200,350,0
1958,1776,1776,3,1584,0,1,11475,888,0
2007,1869,1869,2,1869,1,1,7820,617,0
1923,1432,1432,1,1022,1,1,6615,216,0
1956,1008,1008,1,1008,0,1,6860,308,0
1995,1734,1734,2,1587,0,1,8013,528,0
1990,1217,1217,2,1188,0,1,9947,497,0
1979,1524,1524,2,1524,2,1,20270,478,0
1956,1048,1048,1,1048,0,1,10152,286,0
2001,1690,845,2,845,0,1,9543,517,0
1919,1517,997,0,793,0,0,8500,0,0
1966,904,904,1,876,0,1,7162,408,0
1920,1118,734,2,648,0,0,4400,440,0
1975,836,836,1,836,0,1,2280,308,0
1973,1092,525,1,525,0,0,2205,264,0
1953,1094,1094,2,1094,2,1,10452,495,0
1931,774,774,0,544,0,0,4270,0,0
2002,1729,860,2,860,0,1,8158,542,0
1978,2073,2073,2,1542,2,1,13175,500,0
1967,1584,1584,3,1584,0,1,8944,792,0
1967,980,980,1,980,0,1,9750,384,0
1977,1654,1286,2,0,0,0,8927,528,0
1920,967,967,1,967,1,0,3153,180,0
2002,914,914,0,914,0,1,8050,0,0
1901,1214,969,1,969,0,0,5680,216,0
1954,1128,1128,1,936,0,1,9000,286,0
2004,1576,1576,3,1393,1,0,3940,668,0
1952,1385,910,2,910,0,1,8520,720,0
2000,1889,1008,2,982,1,1,8658,431,0
1999,1607,962,2,960,0,0,2645,480,0
2006,1576,778,2,770,0,0,8125,614,0
1936,1040,548,2,528,0,0,6240,624,0
1962,1431,1431,1,1099,1,1,9150,296,0
1929,1517,792,2,792,2,1,11435,400,0
1912,1716,936,0,780,0,1,5687,0,0
1951,1342,1342,1,1342,0,1,9280,256,0
1976,958,958,2,958,0,1,4928,440,0
1957,1314,1314,1,1314,0,1,8400,294,0
2000,1674,814,2,814,0,0,7500,663,0
1920,1324,662,1,662,0,0,3068,180,0
1926,1616,1149,1,1149,0,0,5400,216,0
1925,1236,788,1,768,1,0,7006,384,0
1995,1658,773,2,773,1,1,8000,431,0
1958,1866,1866,2,1866,0,1,9482,495,0
2007,1496,768,2,768,0,1,15810,572,0
1959,1040,1040,1,1040,0,1,7560,286,0
1945,808,808,1,0,0,0,6120,164,0
2009,1935,832,2,832,0,0,8004,552,0
1977,1426,698,2,690,0,1,7950,440,0
1920,1248,624,0,624,0,0,5976,0,0
2004,1515,813,2,789,1,1,9024,393,0
1927,1028,1028,2,1008,1,0,8960,360,0
2003,1553,1553,2,1553,0,0,8736,588,0
1988,1873,946,2,929,1,1,8883,619,0
1926,1013,1013,1,992,0,0,5000,160,0
1995,2113,2113,3,2109,1,1,10437,839,0
1970,864,864,2,864,0,1,8120,463,0
1941,788,788,0,788,2,1,7446,0,0
1954,1297,1297,2,1297,1,1,8532,498,0
2004,1720,860,2,860,0,1,11645,565,0
1882,1742,916,2,916,1,0,17671,424,0
1974,1350,1350,2,1064,1,1,10140,478,0
1980,1229,561,2,561,1,0,1300,462,0
1956,1024,1024,1,1008,2,1,10533,313,0
1958,1604,1604,2,1604,0,1,8267,576,0
1993,1199,1199,2,1199,0,1,7892,530,0
1957,1340,1340,1,0,1,1,9060,252,0
2003,2262,1482,3,1482,2,1,12244,749,0
2007,1874,955,3,955,1,1,9428,880,0
2003,1390,1390,2,1390,0,1,8810,545,0
1999,1749,856,2,842,0,1,9272,515,0
2006,1670,1670,3,1670,1,1,14859,690,0
1955,1056,1056,1,1056,0,1,13600,300,0
1948,1271,720,1,720,1,1,21286,312,0
1977,1734,1302,2,0,0,1,10125,539,0
1960,1383,1383,1,1383,0,1,11600,292,0
1965,1728,1728,2,1728,0,1,11072,576,0
1965,984,984,1,984,0,1,9308,310,0
2004,1980,1980,3,1980,1,1,16737,770,0
2007,1646,1646,3,1638,1,1,9520,800,0
1936,1466,1096,2,796,1,1,10800,566,0
1997,1470,794,2,794,0,1,13869,388,0
1940,672,672,1,672,0,0,4800,256,0
1949,1556,1019,2,782,1,1,17360,470,0
1972,1030,494,1,494,0,0,1890,264,0
1990,816,816,0,816,0,1,11841,0,0
1924,784,784,0,784,0,0,6130,0,0
1967,2978,1898,2,710,1,1,11275,564,0
1954,1906,1906,2,1310,2,1,17500,576,0
1966,1228,1228,1,1228,0,1,8544,271,0
1955,1163,1163,1,1162,0,0,5820,220,0
1963,2294,1497,2,741,1,0,13200,658,0
1992,3228,3228,2,3200,1,1,12692,546,0
1958,1560,1560,2,1560,0,1,8078,484,0
1978,1096,1096,2,1008,1,1,13014,484,0
2006,1718,1718,3,1700,1,1,12456,786,0
1988,1872,1872,2,1845,1,1,10400,604,0
2003,1456,1456,2,1273,1,1,3196,400,0
1915,1647,841,1,806,0,1,6858,216,0
1949,1382,1382,1,0,1,0,11800,384,0
2007,1726,1726,3,1726,1,1,9416,786,0
1973,987,483,1,483,0,0,1680,264,0
1955,1520,1520,1,1156,2,1,9600,364,0
1957,1803,1803,2,1134,1,1,13125,484,0
1961,1800,1800,0,1800,0,1,8000,0,0
2005,1247,1247,2,1247,1,0,3316,550,0
2004,1358,1358,2,1358,1,0,8198,484,0
1977,1126,1126,2,1126,1,1,17400,484,0
1964,1302,1302,1,1302,0,1,9350,309,0
1956,1384,1384,2,1015,0,1,13300,896,0
1960,2274,1105,2,1105,0,1,11600,480,0
1948,1559,1559,2,1559,0,0,8100,812,0
1925,816,816,1,816,0,1,11672,210,0
1920,840,840,1,798,0,0,5747,250,0
1915,1392,1212,0,1212,0,1,9900,0,0
1950,1558,910,1,910,0,0,13710,282,0
1941,1382,854,2,720,0,0,12358,660,0
1954,992,992,1,381,0,1,8842,319,0
1930,1426,1014,1,966,1,0,6240,230,0
1962,1040,1040,1,1040,0,1,6897,260,0
1915,1826,916,1,910,1,0,2500,164,0
1920,1012,1012,1,1012,1,0,8263,308,0
1989,1034,1034,2,982,1,0,3907,598,0
1951,1396,1060,0,660,0,0,9000,0,0
2009,1224,612,2,612,0,0,3000,528,0
1992,1187,1187,2,1168,0,1,9556,420,0
1976,894,894,1,894,0,1,10650,308,0
2003,1479,1479,2,1453,0,1,10665,558,0
1994,1624,1624,3,1624,1,1,12461,757,0
2003,1080,530,2,530,0,0,2403,496,0
1970,2217,2217,2,2217,1,1,15865,621,0
2005,2253,1209,2,1209,1,1,12867,575,0
2008,1866,1866,3,1858,1,1,10110,870,0
1950,864,864,1,576,0,0,7200,528,0
1954,1112,1112,1,1112,1,1,9100,390,0
1995,1671,781,2,781,1,1,13041,423,0
2006,1970,1120,3,1085,1,1,11065,753,0
1984,1360,1360,2,1220,1,1,5814,565,0
1968,2654,1512,2,1054,1,1,11029,619,0
2006,1662,1662,3,1652,1,0,10625,711,0
2009,2364,2364,3,2330,2,1,12919,820,0
2004,1646,1646,2,1594,1,0,3811,525,0
1938,1053,585,0,585,0,1,12180,0,0
1967,1656,1092,1,624,1,0,6000,288,0
2003,2452,2452,3,2452,1,1,15274,886,0
1959,1588,1120,2,0,1,1,17120,680,0
2000,1512,756,2,756,0,0,2998,440,0
2005,1175,1175,0,1175,0,1,13072,0,0
1968,1978,1098,2,832,1,1,9900,486,0
1938,954,954,1,920,1,1,6305,240,0
1999,1252,624,2,600,0,0,2160,462,0
1872,2358,938,0,684,0,0,5250,0,0
1960,894,894,2,894,1,1,7436,396,0
2007,1651,1651,3,1643,1,1,9178,870,0
2004,2466,1580,2,1580,1,0,11143,610,0
1992,1759,944,2,1449,1,1,16698,525,0
1920,1192,596,1,596,0,0,6402,189,0
1994,2622,1500,2,1463,2,1,12256,712,0
1978,1055,1055,1,1061,0,1,2304,319,0
1992,1287,624,2,624,0,1,10429,440,0
2005,1561,1561,2,1561,1,1,7313,556,0
1972,1092,546,1,546,0,0,1890,286,0
1918,3112,1360,2,1360,1,1,25419,795,0
1946,1958,979,2,979,0,0,7136,492,0
1998,1494,1494,2,1482,1,1,16196,514,0
1959,960,960,1,960,0,1,6400,392,0
1999,1549,757,2,744,0,0,2280,440,0
1920,1738,1281,1,715,1,1,12513,368,0
1951,1216,1216,1,1056,0,1,9600,280,0
1920,1376,752,2,768,0,1,8850,576,0
1920,1362,986,1,951,0,1,7550,280,0
1922,1180,1180,1,700,1,1,11600,252,0
1941,1355,760,2,728,0,1,6221,528,0
1974,1309,1309,2,1040,1,1,10140,484,0
2007,1768,866,2,866,0,1,10769,578,0
1937,906,453,1,348,0,1,4882,231,0
1998,1753,853,2,853,1,1,12352,534,0
2002,1712,1712,3,1712,1,1,16770,701,0
2007,1464,1464,3,1485,0,1,15256,754,0
1959,1287,1287,2,1063,1,1,9830,576,0
1924,1301,1301,2,1145,0,0,6911,440,0
1992,1280,1280,2,1280,0,1,5005,506,0
2005,1795,879,2,879,0,1,9316,578,0
1979,1586,1586,2,1362,1,1,17043,435,0
1914,1768,880,2,880,2,0,10800,320,0
2002,1392,1392,3,1441,1,1,10000,650,0
1978,1902,1318,2,0,0,0,8930,539,0
2006,1977,982,3,982,0,1,9605,574,0
1969,1096,1096,1,1096,0,1,15870,299,0
1955,864,864,2,864,0,1,8172,572,0
1947,1137,929,0,0,0,1,8050,0,0
1993,1440,1440,4,1344,0,1,9069,920,0
2009,2690,1365,3,1365,1,1,12350,864,0
1939,856,856,2,856,1,1,7890,399,0
1966,1348,660,2,660,1,1,7590,453,0
1952,733,733,2,0,0,0,14584,487,1
1954,1172,1172,1,1172,0,1,9525,366,0
1977,2620,1361,2,1361,1,1,18890,600,0
1973,1656,1656,2,1656,0,1,9246,506,0
1963,1121,1121,2,1121,0,1,8816,480,0
1996,1553,691,2,691,0,1,7875,420,0
1971,864,864,2,864,0,1,9000,576,0
1971,981,981,2,981,0,1,10530,576,0
1955,827,827,1,0,1,1,7200,392,0
1953,1644,1644,2,1416,2,1,9600,418,0
1999,1452,713,2,691,0,0,3735,506,0
2003,1986,847,2,847,1,1,8396,434,0
1941,2340,1188,1,1152,2,1,9042,252,0
2009,2020,2020,3,2006,1,1,12220,900,0
1976,1117,1117,2,1029,1,1,7819,672,0
1952,948,948,2,948,0,1,10950,410,0
1968,1489,1489,2,1489,1,1,9156,462,0
1989,2559,1313,2,868,1,1,12128,506,0
1932,2345,1170,2,952,1,1,16560,360,0
1968,1295,1295,2,1295,0,1,11700,528,0
1975,1552,811,2,713,1,1,11475,434,0
1890,2554,1576,2,718,0,0,10800,704,0
1917,1288,664,1,624,1,0,3600,280,0
1971,1220,1220,2,1625,1,1,13001,944,0
1910,1022,1022,1,1022,0,0,7200,280,0
1965,925,925,1,925,0,1,9100,429,0
1968,1008,1008,1,1008,0,1,12518,384,0
1970,1092,546,0,546,0,0,1477,0,0
1939,1558,868,2,690,1,0,6406,400,0
1969,1404,1404,2,1188,1,1,13383,504,0
1996,2125,1064,2,1064,2,1,10990,576,0
1939,1342,874,1,739,1,0,6000,240,0
1977,926,926,1,902,1,1,9750,351,0
1964,1092,1092,2,1092,0,1,8250,504,0
1995,1511,1511,3,1401,1,1,11454,811,0
1971,858,858,1,858,0,1,7340,684,0
2008,2042,2042,3,2042,1,1,12704,1390,0
1954,1482,1482,2,954,1,1,16012,609,0
1945,747,747,1,747,0,0,4608,220,0
1993,1744,1014,2,996,0,1,9453,457,0
1967,864,864,1,864,0,1,7130,312,0
1931,1774,1022,2,952,2,0,6120,468,0
1914,864,864,0,864,0,1,8248,0,0
1940,1090,760,1,720,0,0,6000,240,0
2002,1861,920,2,916,0,1,13450,492,0
2005,1072,1072,2,547,0,0,3675,525,0
1999,1675,892,2,841,1,1,24682,502,0
1969,1632,784,2,784,1,1,10457,898,0
1978,1174,1174,2,864,0,1,12250,528,0
1998,2452,1210,2,1028,1,1,16226,683,0
1927,1930,1146,1,720,0,0,6876,316,0
2007,1838,1838,2,1838,2,1,11422,524,0
1999,2365,1268,3,1252,1,1,9430,856,0
1990,1061,1061,2,1054,0,1,10778,462,0
1993,1337,1337,2,1337,1,1,5395,462,0
1999,2299,957,2,938,1,1,7500,482,0
2002,1573,1573,2,1573,0,1,9808,544,0
1971,874,874,2,864,0,1,7200,576,0
1938,1409,861,2,861,1,0,6240,528,0
1994,1908,933,2,915,1,1,8750,493,0
2006,1494,1494,3,1494,1,1,10652,840,0
2003,1922,495,2,0,1,1,7301,672,0
2004,1708,976,2,976,0,0,3363,380,0
2007,1818,895,3,895,1,1,12568,774,0
2004,1158,1158,2,1158,0,1,13072,576,0
1956,1370,1370,1,1058,1,1,10000,300,0
2003,1626,764,2,764,0,1,2448,474,0
1941,1288,824,1,824,0,1,6191,240,0
2004,2443,1158,3,1158,1,0,10625,744,0
1906,1469,756,1,756,0,0,10320,216,0
2003,1480,1480,2,1480,0,1,8197,620,0
2005,1546,1546,3,1546,0,1,11750,796,0
1986,1295,1295,1,0,0,0,8239,312,0
1972,1479,725,2,725,0,1,7472,484,0
1976,1548,804,2,804,1,1,2308,440,0
1998,1465,789,2,789,1,1,8402,393,0
2002,1459,1459,2,1459,1,1,8749,527,0
1971,1302,630,1,630,0,0,1680,280,0
2005,1611,784,2,784,0,1,8400,572,0
1999,1651,873,2,831,1,1,8390,450,0
1949,720,720,1,0,0,1,6627,287,0
1964,912,912,1,912,0,1,7800,288,0
1941,672,672,1,672,0,1,9340,234,0
1922,816,816,1,816,0,0,3672,100,0
1977,1287,1287,2,957,2,1,9360,541,0
1990,2503,1271,2,1223,1,1,19522,564,0
1966,1165,1165,2,1127,0,1,9020,490,0
1970,1092,546,0,546,0,0,1936,0,0
1968,874,874,1,864,0,1,9858,288,0
2004,1432,716,2,716,1,1,7795,432,0
1976,1262,1262,2,1262,1,1,9600,460,0
1875,1020,780,0,780,0,1,6342,0,0
2006,1962,1391,3,1391,0,1,8760,868,0
1994,2063,2063,3,2024,2,1,10750,815,0
1954,1124,1124,0,0,1,1,8335,0,0
1900,1798,1156,2,1075,0,0,9639,342,0
2005,1504,1504,2,1346,1,1,3182,457,0
2003,1440,1440,2,1432,1,1,11202,467,0
2003,1337,1337,2,1337,0,1,8450,531,0
1990,1321,1321,2,1312,1,1,5118,484,0
2003,1200,1200,2,1176,0,1,10083,555,0
1964,1374,1374,1,1130,1,1,11382,286,0
2003,1728,864,2,864,0,0,8791,673,0
2006,1220,1220,2,1199,0,1,7406,632,0
1970,2117,2117,2,1205,2,1,12925,550,0
1954,901,901,1,901,0,0,6000,281,0
1925,672,672,0,432,0,0,8534,0,0
1988,1228,1228,2,1228,1,1,4671,472,0
2005,1072,1072,2,547,0,0,3675,525,0
1996,1716,909,2,880,1,1,8750,512,0
2000,2687,1466,3,1455,2,1,12720,810,0
2003,1560,1560,2,1560,0,1,9196,573,0
1954,1063,1063,1,1056,0,1,9920,280,0
2009,1226,1226,3,1226,0,1,10402,740,0
1905,1540,884,0,572,0,0,6000,0,0
1925,1694,1390,2,1181,1,1,8400,576,0
1975,1456,855,2,855,0,1,2308,460,0
1966,2087,976,2,832,0,1,12205,444,0
1970,2207,2207,2,1947,1,1,19900,576,0
2003,1394,754,2,384,1,1,11950,400,0
1945,793,793,1,793,0,1,8480,240,0
1967,1568,1568,2,1568,0,1,9600,440,0
1963,1068,1068,1,1059,0,1,8414,264,0
1993,1501,697,2,697,1,1,7685,420,0
1972,1395,735,2,723,1,1,12936,497,0
1979,1535,1535,2,0,0,1,7018,400,0
2007,1584,1584,2,1574,1,0,10440,594,0
1975,1875,1109,2,675,1,1,10530,485,0
1916,1196,1196,2,1196,0,0,4800,440,0
1975,1096,1096,1,1008,1,1,6305,352,0
1993,1190,1190,2,1181,1,1,7250,430,0
1971,987,483,1,483,0,0,1680,264,0
1972,1092,546,1,546,0,0,1504,253,0
1948,1325,1325,2,409,1,1,17541,576,0
2005,1565,1565,2,1560,1,1,5911,556,0
2006,1495,738,2,738,1,1,8857,440,0
2008,1766,1766,3,1751,2,1,11778,874,0
1960,1253,1253,1,1253,1,1,10920,352,0
2000,1659,1659,2,1501,1,1,5664,499,0
1966,1643,1643,2,1182,1,1,11500,438,0
1967,1632,1632,2,1632,0,1,25000,576,0
1930,1755,1230,1,930,1,1,7810,231,0
1966,955,955,1,955,0,1,7742,386,0
1961,1029,1029,1,1029,0,1,7943,261,0
1971,864,864,0,864,1,1,10500,0,0
1959,1580,1580,2,1244,2,1,10032,440,0
1925,1078,1078,1,1054,0,1,10230,264,0
1996,936,936,2,920,0,0,6710,460,0
1974,1173,1173,2,1053,2,1,10625,528,0
1999,1471,742,2,729,0,0,3230,440,0
1953,1154,1154,1,864,0,1,11556,336,0
2003,2696,2696,3,2846,2,1,14300,958,0
1915,1944,1272,1,672,0,0,9928,216,0
1953,1210,1210,1,0,0,1,9533,616,0
2005,1734,1734,2,1734,0,1,11645,660,0
2001,1870,944,2,944,0,1,11250,608,0
1959,1652,1652,2,1592,1,1,22002,510,0
1976,1125,1125,1,1041,1,1,7200,352,0
1893,2775,1521,2,1237,1,0,13500,880,0
1965,1042,1042,2,1042,0,1,9200,440,0
2007,2332,1742,3,1682,1,1,12474,846,0
1976,1142,1142,2,1142,1,0,4224,528,0
2007,1290,1290,2,1282,1,1,6762,662,0
1979,1782,1782,2,1782,1,1,14450,551,0
1958,2144,1444,2,1444,2,1,159000,389,0
2004,848,848,2,848,1,0,4435,420,0
1977,1967,1967,2,1967,0,1,9662,580,0
1971,1109,576,1,372,0,1,10500,288,0
1975,1456,855,2,855,1,1,2280,440,0
1999,1458,729,2,729,1,0,3230,440,0
1954,1204,1204,1,416,0,1,7692,312,0
1924,1096,572,0,572,0,1,9600,0,0
2002,1629,1629,3,1616,1,1,14536,808,0
1999,1341,1341,2,1341,1,1,17227,482,0
2007,1950,1950,3,1950,1,1,14418,706,0
1921,1424,1424,1,1228,1,1,7290,312,0
1971,1320,1320,2,1232,1,1,16500,495,0
2005,2500,1168,3,1168,1,1,13543,683,0
1972,768,768,1,768,0,1,7200,396,0
2006,2234,2234,2,2220,1,1,14082,724,0
1999,1804,1028,2,994,1,1,7500,442,0
1992,1923,1061,2,750,1,1,10186,564,0
2007,1800,1800,3,1800,1,1,8232,944,0
1956,1073,1073,1,1073,0,1,9571,340,0
1972,876,876,2,876,0,1,7480,484,0
1923,792,792,1,624,0,0,8520,287,0
1983,1080,1080,2,1084,0,1,9187,484,0
1942,1282,778,1,672,0,1,4484,240,0
1965,1214,1214,2,1214,0,1,9170,461,0
1956,1337,832,1,832,0,1,8382,263,0
1951,884,884,1,884,0,1,15428,270,0
1958,1080,1080,1,1080,0,1,9464,288,0
1910,1347,820,0,1117,0,1,7000,0,0
1936,1344,896,1,896,0,0,6240,240,0
1984,752,752,1,744,0,1,7175,264,0
2005,1142,1142,0,1142,0,1,7733,0,0
1960,1134,1134,1,1010,0,1,7000,254,0
2005,2212,1700,3,1700,1,1,13751,773,0
1996,1384,1384,2,1348,0,1,14137,404,0
1978,1456,855,2,855,1,1,2280,440,0
1963,1000,1000,2,1000,2,1,13050,575,0
1962,1269,621,1,621,0,1,9360,280,0
1938,1610,1052,1,972,1,1,18600,480,0
2004,2522,2522,2,2208,1,1,7296,564,0
2004,1430,1430,2,1430,0,1,10114,624,0
1958,1329,1329,1,1329,0,1,14267,312,0
1976,1964,1098,2,803,1,1,10480,483,0
1915,1338,846,2,832,0,1,7822,528,0
1988,1959,1959,3,1907,0,1,11070,766,0
1999,1647,953,2,953,1,1,7917,460,0
2004,1582,770,2,770,0,1,8320,520,0
1948,1320,819,2,768,0,1,8064,576,0
2000,2787,1168,4,1168,2,1,11855,820,0
1977,1055,1055,2,1055,0,1,2529,440,0
1958,1570,1570,2,1395,1,1,13200,441,0
1990,2329,1532,2,1475,1,1,11839,514,0
1988,1680,1680,2,880,1,1,21695,540,0
1970,1180,1180,2,1180,0,1,7830,477,0
1957,1788,1104,1,1104,2,1,11250,304,0
2002,1611,1611,3,1569,0,1,11664,1231,0
1980,1266,630,1,630,2,1,8012,283,0
1972,987,483,1,483,1,0,1680,288,0
1930,984,984,1,984,0,0,7200,308,0
1993,2232,1215,2,1173,1,1,11692,623,0
2006,1456,728,2,728,0,1,15578,429,0
1958,1336,1336,2,1121,1,1,9610,488,0
2003,1884,1016,2,926,1,0,7000,581,0
2006,1525,1525,2,1510,1,1,10936,534,0
1977,1285,1285,2,1243,1,1,9620,473,0
1997,1600,916,2,916,1,1,8773,460,0
1920,865,740,1,660,1,1,10042,216,0
1953,1647,1647,1,1105,1,1,9532,280,0
1941,1604,984,2,984,0,1,10998,660,0
2007,1530,1530,3,1530,1,0,12606,984,0
1962,1560,1560,2,1776,1,1,11679,528,0
2006,1905,1905,3,1905,1,1,11670,788,0
2006,2121,2121,3,2121,1,1,14450,732,0
2006,1534,1534,2,1524,1,1,10612,484,0
1977,1676,1676,2,1160,2,1,33983,672,0
1920,1140,1140,2,1300,0,1,12900,400,0
1961,1362,1362,2,1362,1,1,10197,504,0
1999,1404,684,2,672,0,0,2160,462,0
1997,1308,646,2,635,0,1,10021,497,0
2004,1850,1850,3,1833,1,1,16033,772,0
1923,892,892,0,858,0,0,5160,0,0
1993,1820,920,2,864,0,1,11613,492,0
1962,1207,1207,1,1135,0,1,9510,264,0
1920,1198,1088,0,901,0,0,5586,0,0
1885,2290,1246,2,777,0,0,11340,560,0
2005,1326,1326,2,1326,0,1,12216,388,0
1967,1387,1387,1,943,1,1,7514,300,0
1920,1374,840,1,840,0,1,5400,338,0
2007,2152,1582,2,1582,1,1,16659,728,0
1950,1488,1488,2,1488,1,1,47280,738,0
1964,1488,1488,2,1008,1,1,10368,430,0
1977,1694,1694,2,1694,1,1,14694,642,0
1950,1435,910,1,910,0,0,8674,308,0
1979,1725,1040,2,539,1,1,11584,550,0
2008,1346,1346,3,1336,1,1,11896,660,0
1936,800,800,0,264,1,0,6120,0,0
1976,1044,1044,2,960,1,1,6285,528,0
1955,1057,1057,1,1057,0,1,10519,288,0
1999,2291,1005,2,975,1,1,8738,429,0
1955,1733,1733,2,0,1,1,13680,452,0
1923,1292,949,1,949,0,1,5142,205,0
1969,1360,1360,1,1104,1,1,13384,336,0
2007,1466,1466,3,1466,0,1,8925,610,0
1970,882,882,2,882,0,1,8400,525,0
1985,1298,1298,2,1298,1,1,11200,403,0
1970,1092,546,1,546,0,0,1533,286,0
2007,1710,1710,2,1710,1,1,8118,557,0
1999,1501,757,2,744,1,0,2280,440,0
1969,2544,1248,3,1248,0,1,9671,907,0
1996,965,965,2,870,0,1,11105,580,0
1929,1671,1122,2,1022,1,1,8170,451,0
2007,1372,1372,2,1363,0,0,8640,588,0
2005,1142,1142,2,1142,0,1,3010,440,0
1965,1265,1265,2,1219,1,1,9350,502,0
1964,1350,1350,2,1248,0,1,9020,520,0
2003,2014,1072,2,912,0,1,9157,486,0
1972,630,630,0,630,0,0,1890,0,0
1970,960,960,2,960,0,1,9873,576,0
1962,936,936,1,896,1,1,6760,288,0
1953,910,910,2,105,0,1,8892,414,0
1938,1551,1058,1,1058,0,1,10890,240,0
1952,732,732,1,732,0,1,7200,240,0
1978,941,941,2,941,0,1,8604,564,0
2004,1836,1836,2,1860,1,1,9100,484,0
2003,2184,1068,2,1068,1,1,12334,570,0
1998,2612,1276,3,1225,1,1,12203,676,0
2005,1698,1698,3,1698,1,1,11520,730,0
1969,2112,1092,2,952,2,1,11075,576,0
1936,1135,575,2,560,0,1,7200,576,0
1901,1173,933,1,592,0,0,5680,240,0
2006,2640,2036,3,2036,1,0,13162,792,0
2009,1478,1478,2,1470,1,0,4403,484,0
1961,1120,1120,2,1040,0,1,6970,544,0
1890,2268,1157,2,346,0,0,9000,624,0
1998,3078,1671,3,1408,1,1,10557,806,0
1960,1273,1273,1,1273,0,1,14680,307,0
1982,845,845,1,845,0,1,6600,264,0
1994,2110,1222,2,948,2,1,8880,463,0
1946,1200,768,1,768,0,1,11767,240,0
1880,1750,1089,1,636,0,0,9000,240,0
1910,816,816,0,624,1,0,3300,0,0
1953,1609,1068,1,1000,0,1,9525,305,0
1962,2486,1611,2,1595,1,0,33120,576,0
1954,984,984,1,936,0,1,6390,280,0
2007,2520,1508,3,1508,1,1,23303,640,0
2000,2198,1145,3,1145,1,1,14260,836,0
1936,1539,1067,2,927,0,0,6120,576,0
1961,1773,1773,2,1313,2,1,10800,418,0
1978,1226,1226,2,1226,1,1,3876,484,0
2003,1589,1589,3,1406,1,1,3621,630,0
2009,1218,1218,2,1218,0,0,7862,676,0
2007,1718,1718,3,1705,1,1,10637,826,0
1954,1008,1008,1,1008,1,1,11425,275,0
1972,882,882,2,882,0,1,7700,461,0
2008,1428,1428,2,1417,0,1,12274,554,0
2003,2385,1217,3,1317,1,1,14277,818,0
1956,936,936,1,936,0,1,5868,308,0
1914,3395,1440,0,1440,0,0,10896,0,0
2003,1768,884,2,884,0,1,8158,543,0
1966,1120,1120,2,864,1,1,10710,656,0
2000,1349,1349,2,1349,0,1,8450,539,0
2005,1422,704,2,704,1,1,11646,440,0
1910,1609,825,1,796,0,0,4347,228,0
1996,914,914,2,870,0,1,8846,576,0
1995,2061,1094,2,1070,1,1,9085,647,0
1960,1248,1248,1,1248,0,1,10800,286,0
2006,1504,1504,2,1504,0,1,10936,510,0
1998,1632,955,2,935,1,1,9084,462,0
1937,2267,1262,2,1005,2,1,12888,498,0
1940,1072,1072,2,808,2,0,7200,379,0
2005,2324,1182,3,1175,2,1,11924,736,0
2007,2464,2464,3,2418,1,1,13693,650,0
1923,1902,1226,2,1100,0,0,6120,576,0
1998,1636,952,2,952,1,1,7500,440,0
1991,974,974,0,974,0,1,10712,0,0
1967,900,900,1,864,1,1,7838,288,0
1890,1869,1188,2,1088,0,0,8820,456,0
1922,1022,1022,1,1022,1,0,4480,184,0
1985,1732,977,2,741,1,1,9206,476,0
1890,1080,684,0,684,0,0,5914,0,0
1910,1928,908,1,1020,0,0,9142,440,0
1974,1792,896,0,896,0,1,9000,0,0
2004,1119,1119,2,835,0,1,16219,437,0
2000,1403,1403,2,1381,0,1,8098,470,0
1965,894,894,1,894,1,1,8450,336,0
1925,1072,1072,5,1072,0,0,8635,1184,0
1993,1719,1719,2,1719,2,1,10846,473,0
1908,1252,936,2,504,0,1,7438,576,0
1928,1378,689,2,689,1,0,9600,360,0
2000,2172,1533,3,1519,1,1,11000,687,0
1916,1232,1232,2,816,1,1,8574,440,0
1988,1412,1412,2,1392,1,1,11457,576,0
1962,980,980,2,980,0,1,9750,400,0
1976,1062,1062,2,1029,2,1,11333,539,0
2002,1909,872,2,872,0,1,8726,529,0
1975,1533,1533,2,1533,2,1,70761,576,0
1980,788,788,2,728,1,1,4420,484,0
1920,1167,1167,2,915,1,1,8731,495,0
2006,1717,1717,3,1709,1,1,11146,908,0
2006,1656,1656,3,1656,0,0,11096,826,0
1910,1140,792,0,576,0,0,8800,0,0
1925,2640,1392,3,2171,1,1,22136,1008,0
1920,960,960,1,960,0,0,6000,308,0
1947,1054,1054,1,1046,0,1,9488,240,0
1973,1218,672,1,672,0,0,1890,264,0
1993,2786,1827,2,1848,1,1,11025,636,0
2007,1665,822,2,813,0,0,8125,562,0
1971,868,868,2,768,0,1,8425,576,0
1995,1498,691,2,691,1,1,13031,409,0
1968,897,897,1,876,0,1,8665,264,0
2006,1604,1604,2,1604,1,1,8814,660,0
1974,1103,1103,2,1103,0,1,10000,462,0
1957,1526,1526,1,1216,1,1,8562,364,0
2005,1506,1506,2,1362,1,1,3013,440,0
1900,1440,889,1,540,0,0,5000,352,0
2004,1709,970,2,970,0,0,2522,380,0
1969,1164,1164,2,1164,0,1,9600,528,0
2002,1494,1494,2,1494,1,1,12803,530,0
1977,1009,1009,2,995,1,1,9720,576,0
2001,2439,1531,2,1531,1,1,12728,560,0
2000,1524,768,2,756,0,0,2998,440,0
1956,968,968,1,0,0,0,8626,331,0
1953,773,773,1,773,0,1,7677,240,0
1968,952,952,1,952,0,1,8300,288,0
1945,1558,1048,1,913,1,1,10930,288,0
2002,1960,860,2,860,2,1,7851,440,0
2007,1314,1314,2,1314,1,1,5063,626,0
2004,1535,1535,2,1517,0,1,10171,532,0
1962,999,999,1,999,0,1,7758,264,0
1980,1556,716,2,716,1,0,1950,452,0
2002,1908,993,2,967,0,1,14191,431,0
1946,896,896,1,0,0,0,5940,280,0
2005,1838,1838,3,1838,1,1,11577,682,0
1999,1790,882,2,873,0,1,9179,588,0
1956,1144,1144,1,1144,0,1,9571,596,0
2006,1959,1088,3,1088,1,0,9000,1025,0
2006,1486,1486,2,1461,0,1,7441,566,0
1997,1604,926,2,926,1,1,10839,470,0
1928,2009,1337,3,672,2,1,19950,795,0
2005,1964,1116,2,1100,1,1,12447,760,0
1939,1123,772,1,732,0,0,6060,264,0
1976,2715,1175,2,1142,2,1,8963,831,0
1959,1801,1801,2,1501,2,1,15602,484,0
1915,1526,1013,0,1013,0,0,8470,0,0
1962,988,988,2,988,0,1,9100,624,0
1900,1294,694,0,0,0,1,10800,0,0
1951,1226,1226,2,0,1,1,13108,400,0
2003,1626,764,2,764,0,1,2268,474,0
1998,1604,926,2,926,1,1,9978,470,0
1994,990,990,2,990,0,1,8072,480,0
1993,1594,1594,2,1594,1,1,9547,472,0
1973,1092,546,1,546,0,0,1974,286,0
1988,1020,1020,2,1004,0,0,3907,509,0
2001,1568,1568,2,1568,1,0,7180,564,0
2003,2327,1129,2,1129,1,1,10905,596,0
2005,1072,1072,2,547,0,0,3675,525,0
1968,894,894,2,894,1,1,8724,450,0
1910,1944,972,2,972,0,0,10307,324,0
1975,1621,1621,2,1621,2,1,9373,478,0
1956,1728,1728,2,1048,1,1,13495,576,0
1998,1779,866,2,866,0,1,10400,546,0
1965,1264,1264,2,1068,1,1,15300,528,0
1972,1610,1610,2,1124,1,1,11358,515,0
2005,1552,1552,3,1552,0,1,10084,782,0
1957,1839,1839,2,1477,2,1,14442,416,0
2005,1400,1400,2,1400,0,1,11024,612,0
2003,1405,1405,2,1405,1,1,3136,478,0
1965,1324,1324,2,1088,1,1,8658,440,0
1963,1796,983,2,780,1,1,7056,483,0
2005,1498,1498,3,1498,1,1,11645,844,0
1958,808,808,1,808,0,1,5175,308,0
2007,1314,1314,2,1314,1,1,5001,626,0
1896,952,952,1,756,0,0,8712,330,0
1994,990,990,1,990,0,1,8775,299,0
1964,1005,1005,2,1005,0,1,14299,440,0
1946,407,407,1,407,0,0,7311,297,0
1976,1112,536,1,536,0,0,2592,336,0
1977,1304,616,1,264,1,0,2665,336,0
2007,2100,958,3,918,2,1,9709,786,0
2005,1362,1362,2,1362,1,1,6289,460,0
2004,1594,846,2,846,1,1,10125,434,0
1914,1784,892,1,747,0,1,13132,180,0
1993,3500,1933,3,1733,1,1,17242,959,0
1966,1232,1232,2,1232,0,1,9600,490,0
1962,864,864,1,864,0,1,6600,294,0
1935,894,894,3,894,0,0,18000,1248,0
2005,1960,1960,3,1728,2,1,13618,714,0
1976,1444,1444,2,1444,1,1,10400,473,0
2005,1484,742,2,742,1,1,12589,390,0
2006,1660,1660,2,1660,1,1,10182,500,0
2002,1762,878,2,826,0,1,9930,591,0
1964,1851,1020,2,822,1,1,9760,440,0
1971,1670,845,2,825,0,1,13355,464,0
1910,1984,1242,1,1242,0,0,8094,360,0
1946,334,334,0,0,0,1,5000,0,0
1927,1296,866,2,845,0,0,6000,576,0
1962,1092,1092,1,1092,1,1,11616,288,0
2008,1726,1726,2,1726,1,0,3830,561,0
2006,1588,1588,3,1588,1,1,10000,825,0
1978,1857,945,2,945,1,1,10530,482,0
1920,1762,998,2,596,0,0,7200,576,0
1942,976,976,1,976,0,0,7288,215,0
2000,1792,962,2,936,1,1,10261,451,0
1940,672,672,1,672,0,1,5400,308,0
1910,2291,1260,2,1214,1,0,7200,506,0
1961,1155,1155,2,1109,0,1,11782,576,0
1970,1422,1422,2,925,0,1,9457,576,0
1949,1192,720,0,720,0,1,10800,0,0
1925,1208,848,2,780,0,0,6240,539,0
1972,875,875,2,385,0,1,7200,728,0
2006,1432,1432,2,1422,1,1,9139,492,0
1948,936,624,1,624,0,1,6956,265,0
1930,1654,1001,1,297,1,1,4960,336,0
1985,1240,1240,2,1265,0,1,10331,528,0
2004,1221,1221,2,1221,0,0,7500,400,0
1970,630,630,0,630,0,0,1936,0,0
1922,904,904,0,683,0,1,10020,0,0
2007,1361,1361,2,1351,0,1,9627,610,0
1930,1248,912,1,912,0,0,9439,160,0
1938,1969,1272,2,1272,1,0,6876,400,0
2002,1509,807,2,783,1,1,7861,393,0
1978,2050,1154,2,832,1,1,13250,529,0
1988,1179,1179,2,1166,0,1,4740,480,0
1957,2515,2515,2,2035,2,1,32668,484,0
2002,1812,952,2,952,1,0,7500,469,0
2006,1828,1298,3,1298,0,1,10732,876,0
2005,1585,831,2,784,0,1,7632,449,0
1958,864,864,1,864,0,1,5400,399,0
2007,1338,1338,2,1338,0,0,8640,598,0
1947,1531,1169,1,756,1,1,9350,209,0
1952,2461,1929,2,1140,2,1,9724,400,0
1998,1718,885,2,832,1,1,10141,427,0
1951,900,900,2,900,0,1,7200,576,0
1955,1393,872,1,816,0,1,16466,300,0
2004,1948,847,2,847,1,1,12393,434,0
1926,1111,572,1,572,1,0,5700,288,0
2006,1492,738,2,738,0,1,9073,440,0
2005,1220,1220,2,1220,1,1,3182,397,0
1879,2454,1312,2,819,1,0,13500,576,0
2002,1511,1511,2,1368,1,1,2938,398,0
1930,840,840,0,672,1,0,4388,0,0
1978,2784,1392,2,1392,2,1,16692,564,0
1977,1040,1040,2,1040,0,1,8982,748,0
2005,2318,960,2,960,1,0,9512,541,0
2004,1200,600,2,600,0,0,2544,480,0
2006,1550,1550,2,1550,0,0,5330,528,0
1976,1211,1211,2,1211,1,1,13068,461,0
1939,1322,899,1,672,0,0,6240,280,0
1945,729,729,0,0,0,0,12366,0,0
2003,2400,1105,3,1082,1,1,13262,730,0
1986,1400,698,2,676,0,1,10274,465,0
1961,1150,1150,1,1150,0,1,7000,288,0
1968,1196,1196,1,1196,0,1,10044,336,0
1938,1251,827,1,827,0,0,6900,240,0
2008,2822,1734,3,1734,1,1,13891,1020,0
1920,1216,565,1,565,1,0,5520,355,0
2006,1500,1500,3,1356,1,1,4045,648,0
1997,1189,1189,2,1189,0,0,4500,392,0
1981,1440,1440,2,1440,1,1,12546,467,0
1925,1482,810,1,672,0,0,12155,400,0
1935,1573,989,1,884,0,0,6120,240,0
2002,1725,840,2,840,0,1,8749,550,0
1996,2398,1383,3,1379,1,1,11787,834,0
2000,2256,980,2,952,1,1,8795,554,0
1918,2264,1100,1,1100,0,0,7755,408,0
1950,2315,1278,1,1168,3,1,15600,342,0
2003,1146,1146,2,868,1,1,9590,438,0
1970,864,864,1,864,0,1,9353,280,0
1947,660,660,0,0,0,1,9000,0,0
1990,1332,1332,2,1332,0,1,7175,542,0
1959,1040,1040,1,1040,0,1,7500,286,0
1969,988,988,2,938,2,1,21453,540,0
1968,1473,1473,1,1437,2,1,25095,452,0
1960,894,894,1,894,0,1,8680,312,0
1991,1709,851,2,836,0,1,14067,416,0
2006,2945,1426,3,1410,1,1,13682,641,0
1960,1478,1478,2,1478,2,1,17600,498,0
1918,1426,912,1,912,1,1,7642,216,0
1948,1495,1064,2,864,0,1,8064,576,0
2001,1212,1212,2,1212,0,1,9100,573,0
2008,1884,1884,2,1884,1,1,7390,649,0
1910,1772,909,2,725,0,0,10337,816,0
1968,1560,1560,3,1560,0,1,8668,792,0
1951,876,876,2,876,1,1,7200,576,0
1912,2229,929,0,755,0,0,5520,0,0
1967,1510,1510,2,1510,0,1,9680,517,0
1892,2372,1378,1,994,0,0,6600,432,0
1952,1148,1148,1,980,0,1,6420,308,0
1975,938,938,1,938,0,1,9200,308,0
1925,1281,845,2,1151,0,1,10284,580,0
1940,1215,720,2,720,0,0,7000,720,0
1951,1480,1080,1,1080,1,1,11100,253,0
1971,1092,525,1,525,0,0,1680,264,0
2002,1668,1668,3,1626,1,1,11248,702,0
2004,1720,840,2,840,1,1,8244,440,0
1971,1824,1824,2,1643,2,1,115149,739,0
2008,1566,1566,2,1566,0,0,9000,750,0
1996,1100,1100,2,1100,0,1,13015,462,0
1952,1008,1008,1,1008,0,1,12778,280,0
2006,1460,1460,2,1460,1,1,10037,480,0
1948,1456,1002,1,810,1,1,7585,280,0
1965,1625,1625,2,1625,0,1,9750,484,0
1931,1502,851,1,776,1,1,7200,270,0
1977,1388,686,1,675,0,1,8340,317,0
1957,1392,1392,2,1392,2,1,11900,458,0
2003,1829,941,2,941,1,1,9548,613,0
2002,1419,1419,2,1487,0,0,8773,543,0
1998,2031,1153,2,1153,1,1,11404,541,0
1961,1254,1254,2,1218,1,1,9600,525,0
1994,2448,1686,3,1629,1,1,46589,711,0
1994,1803,1803,2,1679,2,1,9892,482,0
1959,1712,1712,2,1626,0,1,8393,588,0
1961,1433,1433,2,1251,1,1,9600,441,0
1941,803,803,2,720,0,0,5000,360,0
1940,1510,755,1,755,1,1,9084,296,0
1950,1152,1152,1,1092,1,1,14000,300,0
1990,1398,1398,2,1398,0,1,7175,542,0
1925,995,995,1,960,0,0,6120,264,0
1970,1344,798,0,546,1,0,1533,0,0
1973,987,483,1,483,0,0,1953,264,0
1996,1720,1720,2,1720,1,1,10593,527,0
2007,1369,1369,2,1369,0,1,9910,605,0
1983,816,816,1,816,0,1,6490,264,0
1920,1550,940,1,817,1,1,21780,318,0
1978,1664,1664,2,1664,0,1,8385,616,0
1959,1700,1700,2,1398,1,1,10552,447,0
1958,1920,1252,2,1052,1,1,13650,451,0
1977,1279,1279,2,1196,2,1,10125,473,0
1925,765,765,1,765,0,0,5000,200,0
1951,1363,1363,1,1008,2,1,14559,288,0
1958,943,943,1,0,0,1,11515,308,0
1992,1593,808,2,808,1,1,9636,389,0
1925,1103,1103,2,1103,1,0,6000,440,0
2000,1430,774,2,384,1,1,7750,400,0
1994,1516,707,2,707,1,1,8803,409,0
1963,1146,1146,1,1083,1,1,10184,294,0
1976,1872,936,2,0,0,1,10260,484,0
1992,1953,1079,2,1580,2,1,53107,501,0
1989,1982,1175,2,807,1,1,11287,575,0
1921,964,964,2,876,0,1,13360,432,0
1910,1889,964,1,925,1,0,10120,308,0
1948,1120,792,2,744,0,1,11792,480,0
1937,1768,981,1,731,2,1,7200,240,0
1925,641,641,1,641,0,0,7030,272,0
2003,2486,1146,2,1122,1,1,11800,452,0
1976,1370,1370,2,1090,1,1,10400,479,0
1955,864,864,2,864,0,1,8172,528,0
1972,864,864,1,864,0,1,7180,352,0
1956,1188,1188,2,988,1,1,14175,621,0
1977,1126,1126,2,1126,0,1,15611,540,0
2005,1868,1868,3,1868,1,1,14780,1085,0
1963,1651,1035,1,725,2,1,10090,276,0
2005,1595,1595,3,1595,1,1,8987,880,0
2007,1710,1710,3,1710,1,1,13891,866,0
2007,1456,728,2,728,0,1,7713,400,0
1946,1242,1242,1,484,0,1,17808,336,0
1984,1621,1621,2,1208,0,1,14145,440,0
1978,1891,1287,2,1224,1,1,18837,678,0
1987,1433,1433,2,1433,2,1,11980,528,0
1999,1479,1479,2,1468,0,1,9382,577,0
1977,2872,1542,2,1330,1,1,12227,619,0
1972,796,796,1,796,0,1,7689,336,0
1975,1055,1055,2,1057,1,1,2280,440,0
2006,1484,1484,2,1476,1,1,9037,472,0
2004,2332,1170,3,1148,1,1,10574,756,0
1971,1645,930,2,715,0,1,9600,441,0
1969,1176,1176,1,1176,0,1,16133,360,0
1949,1040,1040,2,0,0,1,8544,400,0
1993,1949,1062,2,1050,1,1,9938,574,0
1890,725,725,1,630,0,1,10800,320,0
1972,1790,1012,2,732,1,1,10400,484,0
1992,2225,1402,3,1390,1,1,11134,713,0
1988,1714,980,2,980,1,1,10421,496,0
1963,1075,1075,2,981,0,1,11235,440,0
1983,816,816,1,816,0,1,11625,264,0
1963,1328,1328,2,1328,2,1,9790,528,0
1900,1174,680,2,680,1,0,9000,576,0
2008,5095,5095,3,5095,2,1,39290,1154,0
1959,1246,1246,1,1246,0,1,7500,305,0
2003,1978,1978,3,1978,1,1,10389,850,0
1964,1246,1246,2,1246,2,1,12700,441,0
1917,2058,1134,2,735,1,0,9600,396,0
1993,1802,964,4,946,1,1,12361,1017,0
1972,948,483,1,483,0,0,1680,264,0
1982,860,860,2,840,0,1,8740,528,0
1950,841,841,1,721,0,0,8400,294,0
2006,1578,1578,3,1578,1,1,13253,642,0
2006,1326,1326,2,1326,0,1,11660,427,0
1970,1442,1442,2,1442,1,1,11717,615,0
1999,1431,1431,2,1431,0,1,9017,666,0
2001,1947,1366,3,1357,1,1,9720,725,0
2005,1596,784,2,784,0,1,9316,610,0
1948,1527,801,2,699,1,1,11419,410,0
1999,1557,1557,2,1557,1,0,4109,484,0
1926,1285,861,2,861,0,0,7000,506,0
1956,1811,1811,2,1073,1,1,14115,470,0
1912,759,759,2,451,0,0,10320,576,0
1922,864,864,0,864,0,1,4060,0,0
1926,1522,1008,0,1008,0,1,6000,0,0
1950,1040,1040,2,0,0,1,8544,400,0
1985,1502,1502,2,1488,0,1,6820,528,0
2006,1838,1838,3,1838,1,1,14601,765,0
1993,2418,1325,3,1311,1,1,10542,983,0
2009,1212,1212,2,1212,0,1,10420,460,0
1948,869,869,1,0,0,1,10122,390,0
2006,2021,887,2,868,1,1,23257,422,0
1955,1360,1360,2,384,1,1,7134,572,0
1959,1148,1148,1,1148,0,1,7931,672,0
1966,1839,1051,2,756,1,1,7700,442,0
2006,1612,1612,2,1612,1,1,8035,556,0
2003,1663,835,2,835,0,1,12774,478,0
1964,1728,1728,1,1728,0,1,10624,352,0
2005,1362,1362,2,1362,1,1,7577,460,0
2004,1484,1484,2,1473,0,1,8400,606,0
2003,1710,856,2,856,0,1,8450,548,0
1957,1824,1824,2,1824,0,1,12436,484,0
1930,816,816,1,816,0,0,5890,432,0
1910,1680,936,2,856,1,0,6048,450,0
1962,1190,1190,2,1106,0,1,7728,540,0
1997,1608,945,2,945,1,1,10179,470,0
1996,1661,827,2,799,1,1,10667,550,0
2003,1733,847,2,847,1,1,12394,433,0
1923,2592,1296,0,1296,0,1,10890,0,0
2006,1151,1151,2,1141,0,0,3523,484,0
1984,1049,1049,1,1049,0,1,4235,266,0
1974,1322,855,2,855,1,1,2308,440,0
2005,1614,1614,3,1614,0,1,9926,878,0
1974,1434,1434,2,1434,1,1,10200,528,0
2003,2149,1518,2,1434,1,1,12822,670,0
1940,1740,960,1,800,2,1,13125,240,0
2003,1320,660,2,660,0,1,7750,400,0
1980,1472,1472,2,1372,2,1,14115,588,0
1940,996,996,0,996,1,1,13907,0,0
1926,904,904,1,884,0,0,6000,180,0
1994,1320,636,2,636,0,1,9019,472,0
2006,1145,1145,2,1145,0,1,3203,437,0
1951,864,864,2,864,0,1,19138,400,0
1920,1450,730,1,624,0,0,5350,288,0
2002,1922,1922,3,1922,1,1,11305,692,0
1996,1446,729,2,729,1,1,21872,406,0
1963,960,960,1,960,0,1,9239,300,0
2004,1200,600,2,600,0,0,3215,480,0
2005,1072,1072,2,547,0,0,3675,525,0
1969,1851,1851,2,1851,1,1,11727,506,0
1964,912,912,0,912,0,1,8020,0,0
1948,1633,1027,1,1027,1,0,11851,240,0
1968,1160,1160,1,1113,0,1,17979,257,0
1880,2640,1320,4,1240,1,0,11700,864,0
1915,1652,966,1,686,0,0,10800,416,0
2005,1560,684,2,684,1,1,11911,400,0
1941,1298,854,1,720,2,1,8212,256,0
1948,1668,1226,1,1212,0,0,9600,240,0
2005,1468,1468,2,1468,1,0,10440,528,0
2003,1080,530,2,530,0,0,4447,496,0
1962,1224,1224,2,0,0,1,9842,462,0
1965,935,935,1,935,0,1,13526,288,0
2005,2358,1544,3,1524,1,1,11643,784,0
2005,2097,2097,3,2077,1,1,20896,1134,0
1963,1128,1128,2,1120,0,1,8700,525,0
1954,2422,2422,2,1288,2,1,12671,527,0
1970,1092,546,1,546,0,0,1894,286,0
2003,2470,2470,3,2535,2,1,12720,789,0
1925,1512,798,1,798,1,1,7609,180,0
1941,1646,918,1,918,2,1,7128,240,0
1924,792,792,1,768,0,1,9022,240,0
2005,1876,1308,3,1308,0,1,11003,848,0
2006,1352,1352,2,1352,1,0,3606,466,0
1997,2392,1407,3,1396,1,1,9452,870,0
2006,1342,1342,2,1342,1,1,6240,550,0
2007,1358,1358,2,1350,1,1,10307,484,0
1967,1073,1073,1,1073,0,1,9981,270,0
2006,2076,2076,3,2076,1,1,13891,850,0
1973,987,483,1,483,0,0,1680,264,0
1958,1414,1414,2,1184,1,1,11029,601,0
1977,985,985,1,985,0,1,8385,328,0
2002,1536,1536,2,1536,0,1,9135,532,0
1950,1133,765,2,795,0,1,8064,900,0
1995,1572,806,2,806,1,1,10364,373,0
1957,1764,1764,1,0,1,1,8838,301,0
1937,1131,1131,2,907,0,0,5925,672,0
2008,1468,1468,3,1468,1,1,9178,904,0
1980,2237,1375,2,712,1,1,9839,440,0
1996,1040,1040,2,1040,0,1,12464,576,0
1974,1792,896,2,896,0,1,9000,480,0
1915,1605,840,1,840,0,0,5790,379,0
1920,1344,672,1,672,0,0,10690,468,0
1926,1224,818,1,818,0,0,3950,210,0
1962,1188,1188,1,1188,0,1,26142,312,0
1997,2034,1057,2,1057,0,1,9375,645,0
2005,1590,1590,3,1570,0,1,11645,754,0
1966,894,894,1,894,0,1,7094,384,0
1948,1416,780,1,780,0,0,6000,312,0
1959,1902,1902,2,1902,2,1,17500,567,0
1964,1582,1582,2,1624,0,1,36500,390,0
1923,1603,819,2,784,1,1,9650,599,0
2004,1530,1530,3,1530,1,1,14572,630,0
1964,1775,1131,2,533,0,1,10600,480,0
1978,1707,1707,2,1140,1,1,11088,479,0
1980,1226,1226,2,1226,1,1,3874,484,0
1949,2002,1001,3,1001,0,0,6270,871,0
1960,1179,1179,2,1179,0,1,8240,622,0
1964,1020,1020,2,980,1,1,14149,528,0
1928,1913,1172,2,896,1,1,7558,342,0
1966,1093,1093,2,1093,1,1,10738,484,0
1930,1162,728,1,728,0,0,6120,258,0
1959,1041,1041,1,1041,0,1,9600,270,0
1995,2531,1328,3,1318,1,1,12257,752,0
2005,2795,1390,3,1390,1,1,15922,660,0
1965,2036,2036,2,2136,2,1,215245,513,0
1984,2090,1190,2,1190,1,1,5062,577,0
1961,1187,1187,2,864,1,1,14357,440,0
1976,1728,1728,2,1728,0,1,9297,560,0
1921,1073,1073,1,1073,0,1,5400,326,0
1940,1489,944,1,778,1,1,9900,240,0
2008,1468,1468,3,1468,1,1,9612,898,0
1993,1571,799,2,799,1,1,7837,380,0
2007,1356,628,2,628,1,1,10616,484,0
2006,1919,1079,2,1079,1,1,15611,685,0
2005,2728,1848,3,1848,2,1,20431,706,0
1961,912,912,1,912,0,1,6768,288,0
2005,1577,1577,2,1577,1,1,7841,564,0
1957,1600,1600,1,1484,2,1,16321,319,0
1963,1380,1380,1,1380,0,1,10143,364,0
1938,816,816,1,816,1,1,8877,288,0
1925,764,764,2,680,0,0,5232,504,0
1971,874,874,1,864,0,1,6953,352,0
1920,985,985,2,576,0,1,7898,676,0
1994,1626,1626,2,1602,1,1,9938,534,0
2006,1241,1241,2,1241,0,0,4274,569,0
1920,1482,832,2,650,0,0,9000,324,0
1977,1602,1602,2,1602,1,1,16635,529,0
1976,1034,1034,3,1012,0,1,12328,888,0
1997,1950,975,2,975,1,0,7399,576,0
1999,1714,947,2,923,1,1,8637,451,0
2005,1822,1822,3,1822,1,1,14122,678,0
1998,1204,1204,2,1204,0,0,4500,412,0
1951,1600,1600,1,0,0,0,31250,270,0
2006,1448,1448,2,1372,1,0,7500,692,0
1976,836,836,1,836,0,1,2104,345,0
1987,1200,1200,0,1200,0,1,10800,0,0
1900,1039,717,1,405,0,1,8146,281,0
1953,936,936,2,936,0,0,6000,576,0
1916,952,952,1,952,1,1,8854,192,0
1974,2646,2151,2,1748,4,1,14330,550,0
1923,1200,1200,1,1200,0,0,11340,312,0
2007,1648,1648,2,1596,1,0,3843,482,0
1932,1991,1096,2,854,1,1,11275,432,0
1948,2008,1112,1,896,0,1,7800,230,0
2006,1666,1666,2,1666,1,1,6373,575,0
2006,1100,1100,0,1100,0,1,7500,0,0
1981,1422,1422,2,1422,1,1,12090,576,0
2004,848,848,2,848,0,0,4426,420,0
1920,438,438,1,290,0,1,8400,246,0
2005,2046,2046,3,1994,2,1,15431,878,0
2004,1414,1414,2,1414,0,1,8773,494,0
2003,1656,760,2,746,1,1,6931,397,0
2008,1402,1402,2,1402,0,0,8640,625,0
1979,1513,1513,2,0,0,1,7007,400,0
2009,1680,1680,3,1555,1,1,10933,1138,0
1937,1176,786,2,698,0,0,6000,624,0
1930,1920,960,2,960,2,1,7804,480,0
1969,1424,1424,3,1100,0,1,41600,828,0
1922,1414,964,0,864,1,1,8248,0,0
2005,2758,1722,3,1704,1,1,13654,814,0
2007,1372,1372,2,1372,0,0,8640,529,0
1979,2233,1100,2,0,0,1,9555,579,0
1958,1524,874,1,874,0,1,11344,315,0
1958,1138,1138,1,588,0,1,10482,264,0
1981,2524,2524,2,2524,1,1,9600,542,0
2002,1409,1409,2,1409,1,1,12864,576,0
1972,2704,2000,2,1952,3,1,13860,538,0
2003,1932,992,2,979,1,1,8749,610,0
2004,2000,2000,3,2000,0,1,10386,888,0
1890,1544,1000,0,925,0,1,14190,0,0
2006,1685,1685,3,1685,1,0,11824,658,0
2006,1498,1498,2,1498,0,1,8990,675,0
1968,898,898,1,833,0,1,8400,326,0
1968,1044,1044,2,912,1,1,10180,372,0
1939,884,884,1,884,0,0,6120,240,0
2007,1615,1615,3,1615,1,1,9345,864,0
1976,1304,616,1,264,1,0,2665,336,0
1979,1524,1332,2,1332,1,1,23595,586,0
1957,845,845,1,0,0,1,11500,290,0
2006,1802,1802,3,1802,1,1,13615,843,0
1924,1669,1093,1,1093,0,1,8707,288,0
1962,1057,1057,2,1057,0,1,7420,576,0
1941,1578,958,1,806,2,1,9490,240,0
2005,1368,1368,2,1368,1,1,6955,474,0
1952,1624,1624,1,1444,1,1,10858,240,0
1977,1610,1610,2,1610,2,1,10603,480,0
2001,1593,1593,2,1593,1,1,4923,682,0
1990,1717,1187,2,1156,1,1,13758,400,0
1988,1509,1509,2,1461,1,1,10200,600,0
1964,1440,720,2,720,1,1,9350,480,0
2005,2028,2028,3,1868,2,1,11443,880,0
1978,1373,1373,2,1319,2,1,7424,591,0
1970,987,483,1,483,0,0,1869,280,0
1968,1464,732,2,732,0,1,8814,470,0
1975,1558,1558,2,864,0,1,14330,440,0
1995,3627,1831,3,1930,1,1,35760,807,0
2001,2633,2633,3,2633,2,1,11400,804,0
1970,914,914,1,914,0,1,7920,368,0
1976,1055,1055,1,1055,0,1,2280,319,0
2001,1840,944,2,944,0,1,12420,622,0
1950,1113,1113,1,1113,1,1,9600,264,0
1975,969,969,2,969,0,1,10356,440,0
1907,1884,942,0,707,0,0,6449,0,0
1978,1683,918,2,918,1,1,11184,440,0
1991,1274,624,2,624,0,1,10475,576,0
1993,1775,1006,2,740,1,1,9317,425,0
2006,1564,1564,2,1546,1,1,8298,502,0
1977,2944,1599,3,994,1,1,24572,864,0
2001,1310,1310,2,1310,1,0,4538,545,0
2009,2334,1627,3,1590,1,1,12858,751,0
2000,1848,975,2,975,1,0,7379,592,0
1992,1167,1167,2,1158,0,1,9248,400,0
2002,1444,1444,2,1431,0,1,10739,577,0
2007,1258,1258,2,1246,0,1,7697,462,0
2006,1496,664,2,654,1,1,17104,426,0
1978,864,864,1,864,0,1,7000,336,0
2003,1640,798,2,798,0,1,7226,595,0
2004,3005,1376,3,1376,1,0,2880,704,0
2008,1694,1694,3,1694,0,1,10475,776,0
1968,1920,1222,2,570,1,1,10192,487,0
2004,1445,1445,2,1445,0,1,9750,470,0
1992,2295,1166,2,1095,1,1,13346,590,0
2006,1444,744,2,384,0,1,9802,400,0
1974,1876,943,2,901,1,1,9120,540,0
1993,2197,1108,3,1080,1,1,10010,783,0
1953,2034,2034,4,0,0,1,43500,1041,0
1950,1200,1200,1,1200,0,1,9600,246,0
2004,1947,991,2,991,1,0,12552,678,0
1971,950,950,1,950,0,1,9758,280,0
2001,1789,872,2,858,1,0,10646,546,0
2005,1456,728,2,728,0,1,8029,400,0
1977,1004,1004,2,975,0,1,10530,504,0
1976,1456,855,2,855,1,1,2280,440,0
2005,1456,728,2,728,1,1,8461,390,0
2005,2376,1158,3,1158,1,1,14215,853,0
1980,2044,1277,2,738,1,1,10400,489,0
1990,2243,1122,3,700,1,1,13474,746,0
2004,1114,1114,2,1114,0,1,13072,576,0
1959,864,864,1,864,0,1,9100,300,0
1941,1210,832,1,672,0,0,5000,240,0
1997,1494,1494,2,1479,0,1,9236,576,0
1997,1418,1418,2,1418,1,1,8696,558,0
1945,2320,1436,1,1028,1,1,7259,180,0
2005,1716,858,2,858,0,0,8125,615,0
1922,1077,1077,1,1007,1,0,9786,210,0
1997,1764,928,2,928,0,1,15426,470,0
1939,1577,972,1,972,1,1,6435,312,0
1991,1472,802,2,384,1,1,10784,402,0
1880,2016,1288,2,0,1,1,26400,576,0
2005,1476,738,2,738,0,1,8633,540,0
2004,848,848,2,848,1,0,4438,420,0
1955,1382,1382,1,1382,0,1,8750,350,0
2008,2402,2402,3,3094,2,1,15431,672,0
1900,797,797,0,245,0,0,9392,0,0
1930,1358,687,1,687,1,0,3600,336,0
1980,2673,1539,2,1043,1,1,12388,441,0
2006,1795,909,3,900,1,0,10603,782,0
1963,1728,1728,2,1728,0,0,9100,504,0
1972,1193,1193,2,1153,0,1,13110,501,0
1955,972,972,1,972,0,1,10895,305,0
1986,1651,1651,2,1606,1,1,12416,616,0
1927,968,968,1,656,0,1,10800,216,0
1996,2538,1335,3,1325,1,1,9044,933,0
1965,1986,1186,2,768,3,1,13600,486,0
1976,954,954,2,911,0,1,10780,576,0
2000,1573,769,2,756,0,0,2117,440,0
1959,1194,1194,1,1194,0,1,8760,312,0
1900,2007,1090,1,917,0,0,8400,357,0
1957,1364,1364,1,1179,1,1,8400,331,0
1962,999,999,1,925,0,1,10205,300,0
2009,1224,612,2,612,0,0,3951,528,0
1960,1422,1422,1,978,1,1,12342,286,0
1962,1211,1211,2,864,1,1,9240,576,0
1974,1430,1430,2,1430,2,1,19508,484,0
1953,2259,2259,2,1809,2,1,21000,450,0
1994,990,990,2,990,0,1,9750,528,0
1938,1360,803,1,803,0,0,7200,297,0
1925,1351,901,2,901,1,1,16287,576,0
1946,1195,1195,0,1195,0,1,8741,0,0
2007,1602,1602,3,1578,1,1,10200,810,0
2006,1342,1342,2,1342,1,1,6240,550,0
1963,1394,1394,2,1394,2,1,9500,514,0
1930,1801,1104,2,697,1,1,14210,365,0
2006,1140,1140,0,1140,0,1,17217,0,0
1955,825,825,2,825,0,0,8235,720,0
1986,2726,2726,2,279,1,1,18044,691,0
1967,1691,1691,2,1680,0,1,9900,550,0
1954,1795,1050,1,1050,0,0,12150,352,0
1948,1183,679,1,649,0,0,6000,308,0
1962,894,894,1,894,0,1,6600,308,0
1954,1855,1216,1,994,0,1,9525,325,0
1970,1092,546,1,546,0,0,2001,286,0
2007,2122,2122,3,2108,1,1,14333,938,0
1948,1285,1072,1,672,0,0,8635,240,0
1999,1588,1588,2,1588,0,1,10264,472,0
2005,1200,520,2,600,0,0,3180,480,0
1975,1701,1701,2,1390,2,1,16647,611,0
2007,1694,1694,3,1694,0,1,12030,818,0
2006,2550,1148,3,1108,1,1,13440,670,0
2005,1490,745,2,745,1,1,8918,392,0
1968,1740,1740,2,1740,1,1,11050,512,0
1974,2614,1548,2,1522,1,1,10800,624,0
1960,1264,1264,2,1268,2,1,9300,461,0
1974,1026,1026,2,970,1,1,8410,528,0
1971,1824,912,0,912,0,1,9400,0,0
2000,2285,997,3,969,1,1,11000,648,0
1954,1387,811,1,811,0,0,6000,256,0
1947,1284,720,1,720,0,0,3500,240,0
2004,1378,1378,2,1378,1,0,4379,540,0
2005,1310,1310,2,1310,1,1,8767,400,0
2007,1933,894,3,894,1,1,14598,668,0
1997,1786,905,2,824,0,1,9337,684,0
1956,960,960,1,672,0,1,8926,288,0
1964,1806,993,2,780,0,1,7570,483,0
1934,3194,1940,2,965,2,1,12168,380,0
1964,1128,1128,2,1302,1,1,18160,480,0
2007,1120,1120,0,1120,0,1,8402,0,0
1991,2417,1301,2,1288,1,1,16059,462,0
1956,928,928,1,928,0,1,13300,252,0
1968,1040,1040,2,1040,0,1,7476,686,0
2000,1573,769,2,756,0,0,2117,440,0
1967,2650,862,0,0,0,0,7200,0,0
1963,925,925,2,925,0,1,8638,484,0
2003,848,848,2,848,0,0,4435,420,0
2000,1865,992,3,992,1,1,10316,839,0
1972,2119,1378,2,689,1,1,10448,583,0
1967,900,900,1,882,0,1,9819,280,0
1976,1060,1060,2,1040,1,0,4224,572,0
1967,1458,1458,2,1176,1,1,9535,512,0
1954,832,832,2,832,0,1,7227,528,0
1926,1316,672,1,644,1,1,8969,369,0
2002,2267,1010,2,1010,1,1,8068,390,0
2006,2172,1071,3,1063,1,1,14154,947,0
1920,1027,1027,0,931,1,0,5400,0,0
1986,2730,1553,2,1502,1,1,10380,576,0
2004,1640,798,2,798,0,1,8366,520,0
1984,1522,1522,2,1190,1,1,11075,552,0
1963,1144,1144,1,1144,0,1,9204,336,0
1989,1644,1644,2,1518,1,1,12800,569,0
1998,1680,1680,2,1650,1,1,10140,583,0
1973,2521,1291,2,942,1,0,3964,576,0
2000,1652,1652,2,1494,0,1,5330,499,0
2005,1922,1922,3,1922,1,1,14157,676,0
2002,1492,1492,2,1492,1,0,8000,596,0
2006,1250,625,2,625,0,0,4017,625,0
1966,892,892,1,864,0,1,7800,416,0
2007,2084,2084,3,2078,1,1,14803,1220,0
1900,1017,709,1,346,0,0,9143,308,0
2007,2574,1482,3,1482,1,1,9588,868,0
1970,1652,1652,3,1652,0,1,11836,928,0
1990,3222,1699,3,1673,2,1,12376,594,0
2003,1518,1518,2,1518,1,1,12677,588,0
1997,1384,754,2,384,1,1,8872,390,0
1972,1181,1181,2,1138,0,1,10012,588,0
1924,1430,834,2,596,0,0,10320,370,0
2001,1434,1434,2,1454,1,1,8529,527,0
1968,2156,2156,2,1568,1,1,20781,508,0
2001,1961,804,2,804,1,1,12209,560,0
1986,1501,1501,2,1277,1,1,4084,512,0
1999,1501,1501,2,1490,0,1,10335,577,0
1999,2270,1164,3,1152,1,1,11764,671,0
1977,1456,855,2,855,1,1,2349,440,0
2004,1414,707,2,707,1,1,9056,403,0
1949,1126,1126,2,0,0,1,8777,520,0
2005,1358,1358,2,1358,1,1,6904,484,0
1922,1436,1254,4,892,1,1,10836,1488,0
1939,1352,676,2,676,0,1,10800,720,0
1964,1224,1224,3,0,0,1,10899,530,0
1986,1256,1256,2,1256,1,1,18265,578,0
1900,2200,1272,0,1272,0,1,8777,0,0
1910,796,796,0,796,0,1,8777,0,0
1928,1143,1143,1,1008,1,1,7111,288,0
2004,2373,1052,3,1052,1,1,11631,632,0
1935,3672,1836,2,1836,2,1,19800,836,0
2001,1312,1312,2,1267,0,1,6718,471,0
1979,918,918,1,918,1,1,7892,264,0
1958,1176,1176,1,1158,2,1,13770,303,0
1999,1513,1513,2,1462,1,1,15750,521,0
2005,1266,1266,2,1257,1,0,7500,453,0
1979,1299,1299,2,1001,1,1,12150,486,0
2006,1606,1606,3,1598,1,1,9658,871,0
1983,1260,1260,2,1260,0,1,10825,598,0
2007,1648,1648,2,1596,1,0,3843,525,0
1885,1047,1047,1,641,0,0,10800,273,0
1910,1306,810,2,240,0,0,15660,472,0
2006,1258,1258,3,1258,1,1,3922,648,0
1979,1535,1535,2,0,0,1,7018,400,0
1997,1368,1368,4,1288,0,0,7020,784,0
1935,1242,647,1,583,1,1,5707,180,0
1921,2601,990,2,612,0,1,9842,621,0
1966,892,892,1,864,0,1,9477,264,0
1994,1850,979,2,973,1,1,29959,467,0
1972,987,483,1,483,0,0,1680,288,0
1973,1365,765,2,765,1,0,2160,440,0
1900,1566,930,1,930,0,0,9600,288,0
1965,1073,1073,2,1073,0,1,10289,515,0
2005,1302,1302,2,1302,1,1,3903,631,0
1965,2140,825,2,744,1,1,8970,549,0
1939,1118,793,2,793,1,0,7800,410,0
1914,1355,773,0,684,0,0,6882,0,0
1968,1770,884,2,900,0,1,8640,530,0
1987,1204,1204,2,1191,0,1,3701,461,0
1961,925,925,1,0,0,1,7000,300,0
1925,1015,1015,1,768,0,0,6120,450,0
1977,1844,1844,2,1844,1,1,11751,546,0
1932,2727,1549,2,853,2,1,10570,440,0
2008,2276,2276,3,2271,2,1,11778,1348,0
2007,1092,1092,0,1092,0,1,9278,0,0
1968,1488,1488,2,1488,2,1,21579,552,0
1973,945,945,1,945,1,0,2394,253,0
2005,1614,1614,3,1614,0,1,11210,865,0
1980,1235,1235,2,1235,3,1,3760,484,0
1967,1107,1107,1,949,0,1,8050,308,0
1966,1051,1051,1,1051,0,1,9759,264,0
1998,1337,1337,2,1237,0,0,4500,405,0
1997,2098,1044,2,1040,1,1,9375,621,0
1966,1200,1200,2,1174,1,1,8800,440,0
1910,1368,684,1,684,0,0,3600,216,0
2000,1430,774,2,384,1,1,9967,400,0
2005,1090,1090,2,1090,0,1,7024,450,0
2001,1872,1299,2,1299,1,1,11885,531,0
1936,951,951,1,951,0,0,8765,327,0
1959,1466,1466,2,1466,2,1,17755,528,0
1999,1430,774,2,384,1,1,7750,400,0
1961,1313,1313,2,1313,1,1,9350,610,0
2005,1553,756,2,756,0,0,8125,615,0
2007,1504,752,2,752,0,1,8229,440,0
1953,1057,1057,1,1057,0,1,7922,246,0
1960,1149,1149,1,1014,0,1,10682,544,0
1953,1336,1336,1,1165,2,1,15750,375,0
1987,1767,1064,2,1064,1,1,5306,504,0
2004,848,848,2,848,0,0,4426,420,0
2004,1200,600,2,600,0,0,3182,480,0
1958,2279,2279,2,585,1,1,19958,461,0
1962,2448,1900,2,1438,2,1,18275,441,0
1987,1479,1479,2,1645,1,1,14419,578,0
2007,1880,955,3,955,1,0,12217,880,0
2002,1828,1828,2,1822,1,1,12782,523,0
1976,2898,2898,2,1565,1,1,15498,665,0
2003,1653,812,2,812,0,0,8127,628,0
2001,2649,1515,3,1479,1,1,16900,746,0
1998,2630,1470,3,1470,1,1,9200,696,0
2005,1809,945,2,945,0,1,10984,638,0
1996,1097,1097,1,1097,0,1,16561,242,0
1997,2236,993,2,964,1,1,13006,642,0
1898,2138,1075,2,849,0,0,8100,360,0
1926,789,789,1,768,0,1,10594,200,0
1949,480,480,1,480,0,0,9000,308,0
1939,1954,1137,2,798,2,1,15660,431,0
1979,1625,1625,2,1625,1,1,23580,576,0
2007,1569,1569,3,1386,1,1,3635,660,0
1991,1755,975,2,975,1,1,11949,524,0
2007,2610,1184,2,1184,1,0,9000,550,0
2006,1324,1324,2,1324,1,1,6240,550,0
1961,1800,1800,0,1800,0,1,8513,0,0
2007,1792,896,2,896,0,0,8640,590,0
1993,2075,1091,2,1148,1,1,10530,473,0
1958,1601,1021,1,533,0,1,13825,300,0
1939,2009,1245,2,989,1,0,6240,400,0
1941,1131,676,1,676,0,0,5720,200,0
1999,1586,962,2,960,0,0,2645,480,0
2003,1948,847,2,847,1,1,7875,434,0
1960,1561,1561,2,1561,1,1,13339,463,0
1961,1114,1114,2,1114,0,1,9900,451,0
1962,1025,1025,0,1025,0,1,7000,0,0
1968,1211,1211,1,952,1,1,8250,322,0
1946,930,930,1,0,0,1,11100,308,0
1995,1995,950,2,930,1,1,11250,610,0
1971,1365,765,2,765,0,0,1920,440,0
1920,2350,1377,2,973,0,0,9600,393,0
1952,1031,1031,1,1031,0,1,7626,230,0
1930,813,813,1,813,0,0,5684,270,0
1976,2048,2048,2,1958,0,1,12760,776,0
1954,1086,1086,2,1086,0,1,10200,490,0
1957,928,928,1,928,0,0,6000,288,0
1962,912,912,1,912,0,1,12968,352,0
2007,1761,874,2,874,0,0,10207,578,0
1977,1069,1069,2,1069,0,1,4043,440,0
2007,1419,1419,2,1419,1,1,8089,567,0
1880,3493,1675,3,1470,1,0,18386,870,0
1970,1657,1657,2,1657,1,1,12155,484,0
1976,1398,684,2,684,1,1,7200,440,0
1968,1056,1056,1,1056,1,1,8450,304,0
1930,1001,1001,1,837,0,0,6060,216,0
2003,3279,1690,3,1650,1,1,53504,841,0
1920,1086,723,2,723,0,0,11340,400,0
2007,1396,608,2,608,1,1,11069,440,0
1918,1020,1020,0,1020,0,0,4761,0,0
1952,1536,768,1,768,0,0,10266,308,0
2000,1512,756,2,756,1,0,2117,440,0
1970,1277,1277,2,1277,1,1,10628,526,0
1998,2450,1310,3,1284,1,1,16545,1069,0
1918,1250,686,1,686,0,1,8248,280,0
2008,1590,786,2,768,0,0,9000,676,0
2002,1800,1800,3,1800,1,1,14331,765,0
2007,1564,1564,3,1564,0,1,11058,814,0
1975,864,864,0,864,0,1,9350,0,0
2002,1414,707,2,707,1,1,7750,403,0
2008,1450,1450,3,1450,0,1,7328,788,0
2004,1143,1143,2,1143,1,0,3628,588,0
1959,988,988,1,988,0,1,9240,297,0
2008,2296,1728,3,1722,1,1,13478,842,0
1934,1176,816,2,816,1,0,6240,528,0
1923,1576,1072,2,1324,1,1,21384,528,0
1920,2792,1584,2,1510,2,0,10440,520,0
1959,1328,1328,1,1350,2,1,16905,308,0
2009,1214,1214,2,1214,0,1,9803,520,0
1958,1442,1442,1,1442,0,1,9750,301,0
1951,2136,2136,2,2136,0,1,10680,528,0
1937,1497,825,1,825,0,0,6000,672,0
1957,1638,967,1,967,0,0,9060,384,0
2002,1894,824,2,817,1,1,11316,510,0
1973,1178,1178,2,1176,1,1,10000,439,0
1915,1396,698,1,698,0,1,8730,384,0
1954,894,894,2,894,0,1,9450,400,0
2007,1580,1580,3,1580,0,1,11932,830,0
1961,964,964,2,964,1,1,8243,784,0
1930,790,790,1,768,0,1,6292,160,0
1922,2128,1088,0,1040,0,0,3000,0,0
1959,1150,1150,1,1150,0,1,7945,300,0
1962,912,912,1,912,0,1,7150,252,0
2000,2855,1540,3,1540,1,1,9233,774,0
1967,1040,1040,2,1040,1,1,11500,480,0
2010,1222,1222,2,1222,0,1,7360,615,0
1995,1494,1494,2,1494,1,1,9549,481,0
1993,1470,680,2,680,1,1,9765,420,0
1955,1588,1024,2,768,0,1,7200,480,0
1948,1122,1122,2,924,0,0,12000,528,0
1961,999,999,2,944,0,1,12122,588,0
1926,747,747,2,600,0,1,5825,528,0
1996,2049,1065,2,1065,1,1,21533,467,0
1958,858,858,0,858,0,1,7207,0,0
1959,1188,1188,2,1188,0,1,12160,531,0
2008,1641,1641,3,1641,0,1,14463,885,0
1987,1137,1137,2,1112,1,1,13811,551,0
1992,1915,927,2,908,1,1,10041,506,0
1938,1268,832,1,832,2,0,6300,250,0
1999,2322,1037,2,1037,1,1,12460,400,0
1920,835,835,1,458,0,1,10625,366,0
2007,2088,948,3,948,1,1,8899,656,0
