Year_Built,Gr_Liv_Area,Garage_Cars,Total_Bsmt_SF,Fireplace_Qu_No_Fireplace,Lot_Area,Garage_Cond_Typical,First_Flr_SF,Bsmt_Qual_Good,Garage_Area
1916,1690,1,815,0,8850,1,815,0,225
1910,1232,2,616,1,4571,0,616,0,480
2004,1484,2,1473,1,8400,1,1484,1,606
1978,1034,2,450,0,7703,1,1034,1,504
1958,1339,1,1029,1,7560,1,1339,0,294
2006,1574,3,1574,0,11957,1,1574,1,824
2005,2358,3,1524,0,11643,1,1544,0,784
1969,2080,2,1040,0,11606,1,1040,1,504
2005,1752,2,1752,0,7658,1,1752,0,576
1966,913,1,814,1,8400,1,913,0,240
1961,1800,0,1800,1,8513,0,1800,0,0
2006,2042,3,1742,0,13870,1,2042,0,724
1965,1820,2,864,0,13700,1,902,0,492
1916,1232,2,816,0,8574,1,1232,0,440
1999,1764,2,850,0,11690,1,886,1,560
1987,1501,2,1501,0,4054,1,1501,1,512
1962,1269,1,621,1,9360,1,621,0,280
1915,1652,1,686,1,10800,1,966,0,416
1952,1385,2,910,1,8520,1,910,0,720
2008,2184,3,1104,0,11308,1,1130,0,836
1973,988,1,462,1,1596,1,526,1,297
1950,2158,2,1202,0,12615,1,2158,0,576
1939,1132,1,608,1,6000,1,608,0,240
2006,1838,3,1838,0,14601,1,1838,0,765
1966,1154,2,1154,0,11000,1,1154,0,480
2006,1959,3,1088,0,9000,1,1088,1,1025
2005,2331,3,1414,0,12151,1,1414,0,1003
2004,848,2,848,0,4426,1,848,1,420
1914,1484,0,742,0,6300,0,742,0,0
1948,789,1,789,1,6000,1,789,0,250
1981,1226,2,1226,0,3782,1,1226,1,484
2007,1232,2,1232,1,7314,1,1232,1,632
2003,848,2,848,1,4435,1,848,1,420
1967,1656,1,624,0,6000,1,1092,1,288
1954,1112,1,1112,0,9100,1,1112,0,390
1968,1743,2,702,0,11700,1,1041,0,539
1901,1173,1,592,1,5680,0,933,0,240
1960,1100,1,1100,0,12493,1,1100,0,312
2004,1646,2,1594,0,3811,1,1646,0,525
2008,1658,3,1614,0,10206,1,1658,1,726
1970,1682,2,1304,0,10400,1,1682,0,530
2007,1768,2,866,1,10769,1,866,1,578
1945,1558,1,913,0,10930,1,1048,0,288
2007,2088,3,948,0,8899,1,948,1,656
2005,1838,3,1838,0,11577,1,1838,1,682
1920,691,1,691,1,5400,1,691,0,216
1954,1470,1,941,1,8172,1,997,0,548
1957,2515,2,2035,0,32668,1,2515,0,484
2006,1460,2,1460,0,10037,1,1460,0,480
2001,1665,2,810,1,8400,1,810,1,528
1984,1284,2,1284,1,10960,1,1284,1,480
1926,2080,1,1276,0,10918,1,1276,1,282
1963,1088,2,1088,1,8308,1,1088,0,520
2007,2084,3,2078,0,14803,1,2084,0,1220
1935,894,3,894,1,18000,1,894,0,1248
1974,1434,2,1434,0,10200,1,1434,0,528
2008,1641,3,1641,1,14463,1,1641,0,885
1960,1248,1,1248,1,10800,1,1248,0,286
2006,1326,2,1326,1,11660,1,1326,1,427
1973,1092,2,525,1,2760,1,525,0,440
1960,1422,1,978,0,12342,1,1422,0,286
2007,1234,2,1234,1,11049,1,1234,0,484
1959,864,1,864,1,7332,1,864,0,288
1961,1155,2,1109,1,11782,1,1155,0,576
1910,2104,2,1226,1,6300,1,1226,0,432
1978,1601,2,1271,0,11880,1,1601,1,478
1961,864,1,864,0,8100,1,864,0,420
2006,1846,2,1836,0,13377,1,1846,1,495
1983,1080,2,1084,1,9187,1,1080,0,484
1893,2775,2,1237,0,13500,1,1521,0,880
1999,1441,2,776,1,2645,1,764,1,492
1980,1032,2,516,0,1733,1,516,0,452
1910,1368,1,684,1,3600,0,684,0,216
1959,1678,0,1678,1,10926,0,1678,0,0
1920,1324,1,662,1,3068,1,662,0,180
2007,1162,2,1162,1,9260,1,1162,1,483
1994,990,1,990,1,9757,1,990,0,440
1956,1202,1,1202,1,8750,1,1202,0,304
1998,1682,2,804,1,8750,1,804,1,523
2007,1792,2,896,1,8640,1,896,1,590
1958,858,0,858,1,7207,0,858,0,0
1968,1768,0,1768,1,10778,0,1768,0,0
1957,1526,1,1216,0,8562,1,1526,0,364
1920,861,2,861,1,7404,1,861,0,288
1930,1324,1,741,1,6120,1,741,0,180
2005,2500,3,1168,0,13543,1,1168,0,683
1916,936,0,216,1,8520,0,576,0,0
1968,976,2,976,0,9360,1,976,0,504
1915,1680,1,840,1,15576,1,840,1,308
1998,1718,2,832,0,10141,1,885,1,427
1954,901,1,901,1,6000,1,901,0,281
2006,2576,3,1234,0,12438,1,1264,0,666
2005,1561,2,1561,0,7313,1,1561,0,556
1955,1520,1,1156,0,9600,1,1520,0,364
1923,792,1,624,1,8520,1,792,0,287
1970,1092,1,546,1,1894,1,546,0,286
1988,1873,2,929,0,8883,1,946,1,619
1963,1121,2,1121,1,8816,1,1121,0,480
1968,1556,2,727,1,11700,1,829,0,441
1947,1664,2,1004,0,5000,1,1004,0,420
1965,1256,1,1256,1,9937,1,1256,0,276
1953,1647,1,1105,0,9532,1,1647,0,280
2007,1660,3,1660,0,10625,1,1660,1,660
1890,725,1,630,1,10800,1,725,0,320
1939,1558,2,690,0,6406,1,868,0,400
2007,1588,2,725,1,10411,1,725,1,561
1986,1453,2,1453,0,5271,1,1453,1,445
1963,960,1,960,1,9239,1,960,0,300
1980,1229,2,561,0,1300,1,561,1,462
1977,2020,2,0,0,8400,1,2020,0,630
1969,1851,2,1851,0,11727,1,1851,0,506
2007,1818,3,895,0,12568,1,895,0,774
1949,1846,1,1040,0,10496,1,1168,0,315
1982,858,2,858,1,7252,1,858,1,576
1924,1221,1,784,1,9738,1,949,0,392
1962,1224,2,0,1,9842,1,1224,0,462
2009,1692,2,846,1,13159,1,846,0,650
2004,1680,2,840,1,3515,1,840,1,588
1959,1328,1,1350,0,16905,1,1328,0,308
2006,1250,2,625,1,4251,1,625,1,528
1955,1411,1,1204,0,12198,1,1411,0,310
1948,1416,1,780,1,6000,1,780,0,312
1923,1432,1,1022,0,6615,1,1432,0,216
2008,1468,3,1468,0,9612,1,1468,1,898
1962,864,1,864,1,6600,1,864,0,294
2006,1145,2,1145,1,3203,1,1145,1,437
1972,894,2,894,1,9800,1,894,0,552
1983,816,1,816,1,6490,1,816,0,264
1900,1951,2,938,1,7745,1,1084,0,576
1959,1148,1,1148,1,7931,1,1148,0,672
1990,2810,2,1453,0,9572,0,1453,0,750
1984,2090,2,1190,0,5062,1,1190,1,577
1969,1424,3,1100,1,41600,1,1424,1,828
1900,1017,1,346,1,9143,1,709,0,308
2001,1338,2,1338,1,4920,1,1338,1,582
2005,1614,3,1614,1,11210,1,1614,1,865
1961,1050,1,1050,1,10659,1,1050,0,368
2007,1651,3,1643,0,9178,1,1651,1,870
1961,1120,2,1040,1,6970,1,1120,0,544
1946,334,0,0,1,5000,0,334,0,0
1937,1131,2,907,1,5925,1,1131,0,672
1993,1655,2,763,0,10000,1,763,1,440
1959,1188,2,1188,1,12160,1,1188,0,531
1929,1671,2,1022,0,8170,1,1122,0,451
1973,987,1,483,1,1680,1,483,0,264
2005,1223,2,600,1,2544,1,520,1,480
1992,1593,2,808,0,9636,1,808,1,389
1971,864,2,864,1,7560,1,864,1,576
1923,1502,1,602,0,10592,1,900,0,180
1963,1008,2,1008,1,9723,1,1008,0,430
1994,2622,2,1463,0,12256,1,1500,0,712
1950,1067,2,1067,1,9600,1,1067,1,436
2002,2031,2,1128,0,9473,1,1128,1,577
1968,2110,2,2110,0,11160,1,2110,0,522
1988,1228,2,1228,0,4671,1,1228,1,472
1975,1533,2,1533,0,70761,1,1533,1,576
1885,1047,1,641,1,10800,0,1047,0,273
2007,1496,2,768,1,15810,1,768,1,572
1915,1427,1,483,1,5775,1,741,0,379
1971,874,1,864,1,6953,1,874,0,352
1992,1187,2,1168,1,9556,1,1187,1,420
1923,832,2,678,0,9656,0,832,0,780
1957,1364,1,1179,0,8400,1,1364,0,331
1996,1628,2,384,0,8400,1,958,1,390
1970,1442,2,1442,0,11717,1,1442,0,615
1999,1501,2,744,0,2280,1,757,1,440
1962,2486,2,1595,0,33120,1,1611,0,576
2002,1811,2,972,0,8470,1,972,1,565
1920,1128,2,698,1,7500,1,698,0,528
1929,1158,1,862,0,6000,1,950,0,208
2007,1396,2,608,0,11069,1,608,1,440
1942,1282,1,672,1,4484,1,778,0,240
1997,1771,2,864,1,13142,1,872,1,600
2004,2373,3,1052,0,11631,1,1052,1,632
1993,2349,3,1231,0,13143,1,1251,1,762
1974,2067,2,752,0,12732,1,1285,0,784
2008,1578,3,1573,0,9262,1,1578,1,840
2007,1340,2,1340,1,8899,1,1340,1,396
1972,1302,1,630,1,1680,1,630,0,264
1910,1230,2,440,1,10440,1,682,0,440
1973,1055,2,1044,0,12712,1,1055,1,542
1980,788,2,728,0,4420,1,788,1,484
2004,2452,3,1117,0,13418,1,1132,0,691
1971,1484,2,1484,0,12243,1,1484,1,487
1969,2544,3,1248,1,9671,1,1248,0,907
2001,2263,2,1055,0,9240,1,1055,1,905
1980,2044,2,738,0,10400,1,1277,1,489
1916,2526,1,714,0,8520,1,1664,0,216
1975,1012,0,976,1,7840,0,1012,1,0
1959,988,1,988,1,9240,1,988,0,297
1958,951,2,951,1,8010,1,951,0,480
1968,1211,1,952,0,8250,1,1211,0,322
2008,1866,3,1858,0,10110,1,1866,1,870
2006,1492,2,738,1,10237,1,738,1,440
2007,1392,2,689,1,3604,1,703,1,540
1900,1836,1,686,1,56600,0,1150,0,288
1999,1790,2,873,1,9179,1,882,1,588
1940,1072,2,808,0,7200,1,1072,0,379
2005,1302,2,1302,0,3903,1,1302,1,631
1954,984,1,936,1,6390,1,984,0,280
1930,1573,2,1078,0,6240,1,1128,0,360
2008,1468,3,1468,0,9178,1,1468,1,904
2006,1588,3,1588,0,10000,1,1588,1,825
2002,2267,2,1010,0,8068,1,1010,1,390
2006,1830,3,1302,1,8778,1,1302,1,859
2004,1430,2,1430,1,10114,1,1430,0,624
1966,1888,2,1517,0,16492,1,1888,0,578
1956,1811,2,1073,0,14115,1,1811,0,470
2004,1598,2,848,0,9171,1,848,1,433
1910,2019,2,728,1,11414,1,1136,1,532
1972,948,1,483,1,1680,1,483,0,264
1970,960,2,960,1,9873,1,960,0,576
2007,1356,2,628,0,10616,1,628,1,484
1952,732,1,732,1,7200,1,732,0,240
2009,1224,2,612,1,3000,1,612,1,528
1900,1039,1,405,1,8146,1,717,0,281
2005,1132,2,1132,1,7024,1,1132,1,451
1996,1100,2,1100,1,13015,1,1100,1,462
1916,952,1,952,0,8854,0,952,0,192
2005,1506,2,1494,0,8251,1,1506,1,672
2002,1786,3,1778,0,14860,1,1786,0,715
2005,1456,2,728,0,8461,1,728,1,390
1964,1374,1,1130,0,11382,1,1374,0,286
2003,1509,2,783,0,7875,1,807,1,393
2000,1874,2,1058,0,7500,1,1058,1,588
1971,1220,2,1625,0,13001,1,1220,0,944
1999,2291,2,975,0,8738,1,1005,1,429
2004,1782,3,1782,0,16870,1,1782,0,932
1979,1513,2,0,1,7007,1,1513,0,400
1929,854,2,832,1,6120,1,854,0,576
1992,1731,2,836,1,9370,1,844,1,462
1988,2060,2,1151,0,10029,1,1164,1,521
1976,2499,2,392,0,9600,1,1487,0,527
1941,1298,1,720,0,8212,1,854,0,256
2006,1550,2,1550,1,5330,1,1550,1,528
1957,1340,1,0,0,9060,1,1340,0,252
1997,1308,2,635,1,10021,1,646,1,497
1979,1782,2,1782,0,14450,1,1782,1,551
1920,1362,1,951,1,7550,1,986,0,280
1985,833,0,833,1,8780,0,833,0,0
2004,2000,3,2000,1,10386,1,2000,1,888
1928,1913,2,896,0,7558,0,1172,0,342
1954,1172,1,1172,1,9525,1,1172,0,366
1946,1195,0,1195,1,8741,0,1195,0,0
1926,1461,1,686,0,7155,1,686,0,225
1925,1078,1,1054,1,10230,1,1078,0,264
1958,988,1,988,1,13587,1,988,0,264
1962,980,2,980,1,9750,1,980,0,400
2007,2161,3,1582,0,10562,1,1610,0,789
1968,1388,2,1388,0,12000,1,1388,1,522
1955,972,1,972,1,10895,1,972,0,305
2007,1476,2,738,1,8145,1,738,1,552
2006,1660,2,1660,0,10182,1,1660,0,500
1966,1228,1,1228,1,8544,1,1228,0,271
1997,1764,2,928,1,15426,1,928,1,470
2005,1590,3,1570,1,11645,1,1590,0,754
1998,1638,2,943,0,9042,1,943,1,472
1936,1539,2,927,1,6120,1,1067,0,576
1997,1600,2,916,0,8773,1,916,1,460
1920,1510,1,755,1,4899,1,755,0,216
2003,1829,2,941,0,9548,1,941,1,613
1967,900,1,864,0,7838,1,900,0,288
1920,605,0,528,1,9098,0,605,0,0
1958,1261,2,1261,0,9120,1,1261,0,433
1971,864,2,864,1,9000,1,864,0,576
2009,1968,3,774,0,12003,1,774,0,680
1956,1898,2,1898,0,26073,1,1898,0,484
1994,2448,3,1629,0,46589,1,1686,1,711
2005,1826,3,1814,0,11302,1,1826,1,758
2008,1133,1,192,1,9836,1,1133,0,308
1964,1488,2,1008,0,10368,1,1488,0,430
1972,864,1,864,1,9560,1,864,0,288
1991,1709,2,836,1,14067,1,851,1,416
1939,1232,1,600,0,6000,1,608,0,217
1996,1384,2,1348,1,14137,1,1384,1,404
2003,2184,2,1068,0,12334,1,1068,1,570
1961,1144,1,864,0,10000,1,1144,0,264
1995,990,2,990,1,13568,1,990,1,576
2007,1620,3,1620,0,12898,1,1620,0,912
1993,1680,2,886,1,8480,1,886,1,474
1945,1668,1,672,1,7425,1,1195,0,252
2008,1932,3,1932,0,12444,1,1932,0,774
1971,1824,2,1643,0,115149,1,1824,1,739
1920,1802,1,793,0,7588,1,901,0,216
1918,838,1,816,1,10267,1,838,0,275
1970,1092,0,546,1,1900,0,546,0,0
1949,720,1,0,1,6627,0,720,0,287
1941,1131,1,676,1,5720,1,676,0,200
2002,1689,3,1568,0,13265,1,1689,1,857
1971,810,2,782,1,10820,1,810,1,576
1979,2233,2,0,1,9555,0,1100,0,579
2004,1530,3,1530,0,14572,1,1530,1,630
2008,5095,3,5095,0,39290,1,5095,0,1154
1927,968,1,656,1,10800,0,968,0,216
1998,1796,2,794,1,9531,1,882,1,546
1979,2228,2,0,1,7018,1,1114,0,720
1940,599,0,416,1,5400,0,599,0,0
1955,1152,0,0,1,6012,0,1152,0,0
2005,1468,2,1468,0,10440,1,1468,0,528
1926,747,2,600,1,5825,1,747,0,528
1923,1576,2,1324,0,21384,1,1072,0,528
1946,930,1,0,1,11100,1,930,0,308
1957,1824,2,1824,1,12436,1,1824,0,484
1973,987,1,483,1,1953,1,483,0,264
1999,1430,2,384,0,7750,1,774,1,400
1986,1295,1,0,1,8239,1,1295,0,312
1998,1465,2,789,0,8402,1,789,1,393
1934,1176,2,816,0,6240,1,816,0,528
1962,1382,2,1362,0,19296,1,1382,0,884
1986,2730,2,1502,0,10380,1,1553,0,576
1926,1616,1,1149,1,5400,1,1149,0,216
1991,1274,2,624,1,10475,1,624,1,576
1980,1226,2,1226,0,3874,1,1226,1,484
2008,1428,2,1417,1,12274,1,1428,1,554
1957,1803,2,1134,0,13125,1,1803,0,484
1880,1750,1,636,1,9000,0,1089,0,240
1963,1651,1,725,0,10090,1,1035,0,276
1982,845,1,845,1,6600,1,845,0,264
1989,1495,2,1495,0,12890,1,1495,1,438
1965,1024,1,1024,1,13052,1,1024,0,308
1960,2274,2,1105,1,11600,1,1105,0,480
1977,1285,2,1243,0,9620,1,1285,0,473
2004,1694,2,1686,0,10084,1,1694,0,636
2007,1246,2,1146,0,3710,1,1246,1,428
1914,864,0,864,1,8248,0,864,0,0
1920,1550,1,817,0,21780,1,940,0,318
1984,1049,1,1049,1,4235,1,1049,1,266
1964,1005,2,1005,1,14299,1,1005,0,440
1967,943,2,943,1,8398,1,943,0,528
1986,1651,2,1606,0,12416,1,1651,1,616
2008,1702,3,1702,0,8769,1,1702,0,1052
2005,1595,3,1595,0,8987,1,1595,1,880
1996,1553,2,691,1,7875,1,691,1,420
1998,3078,3,1408,0,10557,1,1671,0,806
1950,1040,2,0,1,8544,0,1040,0,400
2008,1630,3,1622,0,10226,1,1630,0,860
1979,914,2,914,1,6950,1,914,0,444
1995,2814,2,1077,0,9771,1,1093,1,614
1966,1209,2,1209,1,9900,1,1209,1,504
1918,3112,2,1360,0,25419,1,1360,0,795
1946,3086,0,1598,0,18030,0,1636,0,0
2003,2283,3,1008,0,11792,1,1008,1,632
1938,1610,1,972,0,18600,1,1052,0,480
1999,1983,2,978,0,10762,1,1005,1,490
1916,1196,2,1196,1,4800,1,1196,0,440
1999,1714,2,923,0,8637,1,947,1,451
1977,1610,2,1610,0,10603,1,1610,0,480
1969,1176,1,1176,1,16133,1,1176,1,360
1930,1654,1,297,0,4960,1,1001,0,336
1941,1604,2,984,1,10998,1,984,0,660
2007,1338,2,1338,1,8640,1,1338,1,598
1957,907,1,907,1,8593,1,907,0,352
2000,2855,3,1540,0,9233,1,1540,0,774
1999,1586,2,960,1,2645,1,962,1,480
1950,1078,1,1078,1,9717,1,1078,0,240
1979,1353,2,1259,0,10400,1,1353,1,478
1957,1306,1,992,1,8712,1,1306,0,756
1995,1609,2,754,1,8453,1,754,1,525
1959,882,1,0,1,8339,1,882,0,294
2007,1880,3,955,0,12217,1,955,0,880
1959,1700,2,1398,0,10552,1,1700,0,447
1968,909,1,882,1,8450,1,909,0,294
1945,1529,1,0,1,8405,1,1088,0,240
2001,1601,2,1581,0,11423,1,1601,1,670
1882,1742,2,916,0,17671,1,916,0,424
1955,1152,0,0,1,6040,0,1152,0,0
2007,1869,2,1869,0,7820,1,1869,0,617
1969,1427,2,1427,1,11104,1,1427,0,516
1949,1728,1,704,0,9462,1,1024,0,234
1942,1494,1,771,0,7500,1,753,0,213
2005,1166,2,856,1,9587,1,1166,1,400
1948,1285,1,672,1,8635,1,1072,0,240
1972,864,1,864,1,7200,1,864,0,297
1997,1337,2,1405,0,10943,1,1337,1,522
1994,1494,2,1494,0,9466,1,1494,1,478
1953,1040,1,1040,1,7942,1,1040,0,293
1910,1436,2,676,1,8777,1,760,1,528
1936,1324,1,672,1,6000,1,757,0,240
1921,1107,1,629,1,9140,1,727,0,625
1952,1624,1,1444,0,10858,1,1624,0,240
1970,1004,2,1004,0,11241,1,1004,0,480
2005,1190,2,1169,1,8769,1,1190,1,578
2004,848,2,848,0,4438,1,848,1,420
2003,1884,2,926,0,7000,1,1016,1,581
1995,1572,2,806,0,10364,1,806,1,373
1946,1958,2,979,1,7136,1,979,1,492
2003,1668,2,840,1,11317,1,840,1,500
2001,1492,2,1492,0,11166,1,1492,1,608
1922,2128,0,1040,1,3000,0,1088,0,0
1964,1425,2,1425,0,10175,1,1425,0,576
1992,1759,2,1449,0,16698,1,944,1,525
2004,1713,3,1713,0,9591,1,1713,0,856
1960,1134,1,1010,1,7000,1,1134,0,254
1969,1082,2,973,1,8723,1,1082,1,480
2006,1666,2,1666,0,6373,1,1666,0,575
1954,988,2,988,1,21750,1,988,0,520
2005,1142,0,1142,1,7733,0,1142,0,0
1923,869,0,440,1,5900,0,869,1,0
2003,1626,2,764,1,2268,1,764,1,474
1999,1709,2,1698,0,5119,1,1709,0,506
1993,1169,2,1160,0,8076,1,1169,1,402
1910,1594,0,828,1,11426,0,828,0,0
1960,1224,2,1224,0,20000,1,1224,0,576
1900,2168,2,760,1,8660,1,928,0,576
1910,1650,2,926,1,8398,1,991,1,468
2005,2490,3,2458,0,11128,1,2490,0,795
1967,864,1,864,1,7130,1,864,0,312
1964,1440,2,720,0,9350,1,720,0,480
2003,1728,2,864,1,8791,1,864,1,673
1993,1199,2,1199,1,7892,1,1199,1,530
1957,1244,1,1244,0,11988,1,1244,0,336
2005,1336,2,1336,1,8772,1,1336,1,502
1957,1797,3,1617,0,11765,1,1797,0,963
2004,1980,3,1980,0,16737,1,1980,0,770
2004,1500,2,1500,1,8487,1,1500,1,570
1996,1291,2,1291,0,2887,1,1291,1,431
2005,1546,3,1546,1,11750,1,1546,1,796
1977,1287,2,957,0,9360,1,1287,1,541
1974,1350,2,1064,0,10140,1,1350,1,478
1940,1595,1,940,0,8400,1,1192,0,240
1918,1416,2,816,1,25339,1,1416,0,576
2003,3279,3,1650,0,53504,1,1690,1,841
1890,2268,2,346,1,9000,1,1157,0,624
1910,968,0,600,1,5925,0,600,0,0
1948,1633,1,1027,0,11851,1,1027,0,240
1922,904,0,683,1,10020,0,904,0,0
1998,1772,2,928,0,8750,1,928,1,492
1990,3222,3,1673,0,12376,1,1699,1,594
1996,2340,3,1236,0,14311,1,1236,1,787
2002,1492,2,1492,0,8000,1,1492,1,596
1958,1650,2,1632,0,50102,1,1650,1,518
2004,1512,3,1512,1,10141,1,1512,1,845
1939,1954,2,798,0,15660,1,1137,0,431
1950,1040,2,0,1,8544,1,1040,0,400
1931,875,1,715,1,6120,1,875,0,180
1977,1069,2,1069,0,4043,1,1069,1,440
1920,720,0,720,1,7879,0,720,0,0
2005,1611,2,784,1,8400,1,784,1,572
2005,1236,2,600,1,2544,1,600,1,480
1923,1200,1,1200,1,11340,0,1200,0,312
1953,930,1,911,1,9520,1,930,1,286
1906,1469,1,756,1,10320,1,756,0,216
1971,1320,2,1232,0,16500,1,1320,1,495
2003,848,2,848,1,4435,1,848,1,420
1999,1647,2,953,0,7917,1,953,1,460
1968,1152,2,912,1,11700,1,1152,0,412
1978,1040,0,1040,1,8430,0,1040,1,0
1994,2127,2,1223,0,10944,1,1223,1,525
1966,1632,2,800,1,9130,1,800,0,484
2007,1504,2,752,1,8229,1,752,1,440
1995,1470,2,680,0,8139,1,680,1,420
2004,1378,2,1378,0,4379,1,1378,1,540
1958,960,0,960,1,6410,0,960,0,0
1931,1818,1,1040,0,7758,1,1226,0,240
1990,1341,2,1300,0,10176,1,1341,1,506
1971,1258,2,1258,1,11040,1,1258,0,528
2007,1698,3,1698,0,13286,1,1698,0,768
1954,1640,2,1296,0,14778,1,1640,0,924
1970,992,1,530,1,1533,1,530,1,297
1957,1638,1,967,1,9060,1,967,0,384
1993,2197,3,1080,0,10010,1,1108,1,783
1922,1414,0,864,0,8248,0,964,0,0
1950,864,2,864,1,7200,1,864,0,720
1961,925,1,0,1,7000,1,925,0,300
1910,1306,2,240,1,15660,1,810,0,472
2003,1455,3,1415,0,3940,1,1455,1,644
1967,1829,2,1829,1,10456,1,1829,0,535
1963,816,2,816,1,8472,1,816,1,516
1997,1418,2,1418,0,8696,1,1418,1,558
1998,2362,2,1220,0,8413,1,1220,0,1105
1915,1717,3,756,0,9550,1,961,0,642
1925,1348,1,884,0,6000,1,884,0,216
2002,1795,2,1777,0,9742,1,1795,1,534
1954,1278,1,854,1,7200,1,854,0,240
1935,3086,3,666,1,21281,1,1308,0,1200
1978,1683,2,918,0,11184,1,918,0,440
1972,1381,2,1161,0,9360,1,1381,0,676
2008,1256,2,1145,0,4217,1,1256,1,641
2005,1506,2,1362,0,3013,1,1506,1,440
1998,1337,2,1237,1,4500,1,1337,0,405
1920,3082,2,824,0,15863,1,1687,0,672
1875,1020,0,780,1,6342,0,780,0,0
2003,2374,3,1181,0,11999,1,1234,1,656
2005,1960,3,1728,0,13618,1,1960,0,714
2003,1626,2,764,1,2448,1,764,1,474
1978,1432,2,1360,0,16157,1,1432,1,588
1956,1337,1,832,1,8382,1,832,0,263
1999,1607,2,960,1,2645,1,962,1,480
1925,995,1,960,1,6120,1,995,0,264
2001,1310,2,1310,0,4538,1,1310,0,545
2005,1684,2,1684,0,8849,1,1684,0,564
2003,1640,2,798,1,7226,1,798,1,595
1959,1256,1,1256,1,8000,1,1256,0,311
1999,1644,2,941,0,9649,1,961,1,460
1925,1608,1,976,0,6171,1,1160,0,216
2008,2046,3,2046,0,11844,1,2046,0,834
1954,1383,1,1383,0,13284,1,1383,1,354
1997,1837,2,941,1,8304,1,941,1,688
2003,1733,2,847,0,12394,1,847,1,433
1969,1360,1,1104,0,13384,1,1360,0,336
1972,875,2,385,1,7200,1,875,0,728
1977,1392,1,689,1,10900,1,689,1,299
1978,941,2,941,1,8604,1,941,1,564
1985,1298,2,1298,0,11200,1,1298,1,403
1977,1934,2,1122,0,11900,1,946,1,567
1967,1214,1,1214,0,10355,1,1214,0,318
1941,1111,1,616,1,9084,0,616,0,200
1955,1360,2,384,0,7134,1,1360,0,572
1966,1839,2,756,0,7700,1,1051,0,442
2000,2198,3,1145,0,14260,1,1145,1,836
1918,1020,0,1020,1,4761,0,1020,0,0
1977,1279,2,1196,0,10125,1,1279,0,473
2003,1724,2,796,0,7162,1,806,1,616
1940,2480,2,920,0,8145,1,1240,0,400
2006,1737,2,851,1,8581,1,851,1,578
1896,952,1,756,1,8712,1,952,0,330
1920,936,0,936,0,4485,0,936,0,0
1974,1116,2,1116,0,10140,1,1116,0,528
1953,1728,1,1216,0,12099,1,1216,0,371
1967,1724,2,1680,0,17871,1,1724,1,480
1974,1037,2,1037,1,10751,1,1037,0,431
1935,2108,2,1127,0,13728,1,1236,0,540
1963,1380,1,1380,1,10143,1,1380,0,364
1920,1376,2,768,1,8850,1,752,0,576
1948,2008,1,896,1,7800,1,1112,0,230
1950,1521,1,910,1,12144,1,910,0,597
2006,1489,2,1489,0,11216,1,1489,1,776
1962,1207,1,1135,1,9510,1,1207,0,264
2000,1865,3,992,0,10316,1,992,1,839
1977,1475,1,757,0,2665,1,925,0,336
2004,1709,2,970,1,2522,1,970,1,380
1971,1670,2,825,1,13355,1,845,1,464
1990,1332,2,1332,1,7175,1,1332,1,542
1978,1386,2,672,0,11616,1,672,0,440
1975,1040,2,1040,1,4224,1,1040,1,499
1915,1826,1,910,0,2500,0,916,0,164
1915,2377,2,1313,0,10410,1,1313,0,528
1900,2414,2,954,0,10800,0,1766,0,520
1993,1091,1,384,1,7706,1,1091,1,429
1968,948,1,948,1,8978,1,948,0,300
1915,1308,2,880,1,10320,0,880,0,400
1979,918,1,918,0,7892,1,918,1,264
1978,1034,2,456,0,8014,1,1034,1,504
2009,1478,2,1470,0,4403,1,1478,0,484
1999,1675,2,1666,1,7915,1,1675,0,435
1938,1409,2,861,0,6240,1,861,0,528
1976,1456,2,855,0,2280,1,855,1,440
1923,1068,1,1124,0,6120,1,1068,0,288
2006,1685,3,1685,0,11824,1,1685,1,658
2008,1566,2,1566,1,9000,1,1566,1,750
1959,1143,1,1143,1,8050,1,1143,0,308
1994,1803,2,1679,0,9892,1,1803,1,482
1977,1334,2,1350,0,9650,1,1334,1,630
1960,1507,1,1075,1,7910,1,1507,0,404
1999,1358,2,1339,1,7321,1,1358,1,625
2003,848,2,848,1,4435,1,848,1,420
1946,1230,1,747,1,4712,1,774,0,305
1939,1412,1,780,0,6000,1,825,0,280
2008,2020,3,2020,0,12350,1,2020,0,896
1998,2006,3,1982,0,11675,1,2006,1,938
1917,1288,1,624,0,3600,1,664,0,280
1973,988,1,526,1,1974,1,526,1,297
1994,1721,2,928,1,8462,1,936,1,471
1962,1045,2,1045,1,7400,1,1045,0,528
1998,1924,2,1086,0,12011,1,1086,1,592
1992,2225,3,1390,0,11134,1,1402,1,713
2000,2687,3,1455,0,12720,1,1466,1,810
1952,944,2,0,1,10206,0,944,0,528
2000,1690,2,915,0,9487,1,940,1,442
1900,1445,2,676,1,14235,1,831,0,484
2003,1342,2,698,0,8174,1,698,1,393
1978,2784,2,1392,0,16692,1,1392,1,564
2004,1391,2,1391,1,4282,1,1391,1,530
1993,1337,2,1337,0,5395,1,1337,1,462
2003,848,2,848,1,4435,1,848,1,420
1997,2034,2,1057,1,9375,1,1057,1,645
2003,2470,3,2535,0,12720,1,2470,0,789
1961,1608,1,1396,1,27697,0,1608,0,444
2006,1352,2,1352,0,3606,1,1352,0,466
2007,1266,2,1266,0,3710,1,1266,1,388
1959,1440,1,1248,1,9840,1,1440,0,480
2006,1456,2,728,1,15578,1,728,1,429
1925,1820,1,1026,1,9120,1,1133,0,240
1968,2156,2,1568,0,20781,1,2156,0,508
1995,1995,2,930,0,11250,1,950,1,610
1963,1052,1,1052,1,10800,1,1052,0,311
1969,1164,2,1164,1,9600,1,1164,0,528
1954,1063,1,1056,1,9920,1,1063,0,280
2007,1718,3,1705,0,10637,1,1718,0,826
1976,1680,2,1680,1,11500,1,1680,0,528
1960,1138,2,1138,0,15312,1,1138,0,480
1961,999,2,944,1,12122,1,999,0,588
1940,919,1,600,1,6001,1,600,0,231
1972,768,2,768,1,8445,1,768,1,396
1991,974,0,974,1,10712,0,974,1,0
2010,1418,3,1642,0,12853,1,1418,0,852
1956,1145,2,301,1,7700,1,1145,1,684
1992,1915,2,908,0,10041,1,927,1,506
1967,1064,2,1064,0,11327,1,1064,0,528
2006,2643,3,2153,0,13693,1,2069,1,694
2000,2787,4,1168,0,11855,1,1168,0,820
2003,2014,2,912,1,9157,1,1072,1,486
1999,1452,2,691,1,3768,1,713,1,506
1996,936,2,920,1,6710,1,936,0,460
2006,1578,3,1578,0,13253,1,1578,0,642
1963,984,1,984,0,9100,1,984,0,384
2007,1564,3,1564,1,11058,1,1564,1,814
2003,1792,3,1792,0,11846,1,1792,0,874
1967,941,1,912,0,8789,1,941,0,288
2005,1270,2,1270,1,7242,1,1270,1,524
1921,1073,1,1073,1,5400,1,1073,0,326
1970,1092,1,546,1,2217,1,546,0,286
2006,1412,2,616,0,8499,1,616,1,432
2003,1489,2,782,0,8965,1,806,1,400
1990,816,0,816,1,11841,0,816,1,0
2002,1494,2,1494,0,12803,1,1494,1,530
1945,2320,1,1028,0,7259,1,1436,0,180
2009,2020,3,2006,0,12220,1,2020,0,900
1998,1633,2,932,0,11184,1,932,1,460
2008,1836,2,1836,0,8125,1,1836,1,517
1937,2267,2,1005,0,12888,1,1262,0,498
2007,1258,2,1246,1,7697,1,1258,1,462
1974,1103,2,1103,1,10000,1,1103,0,462
1915,2180,2,1138,0,10320,1,1138,0,720
2006,1151,2,1141,1,3523,1,1151,1,484
2005,2318,2,960,0,9512,1,960,1,541
1915,1526,0,1013,1,8470,0,1013,0,0
1995,2113,3,2109,0,10437,1,2113,1,839
1927,1930,1,720,1,6876,1,1146,0,316
1954,936,1,936,1,9888,1,936,0,240
1920,1086,2,723,1,11340,0,723,0,400
2007,1651,3,1643,0,10235,1,1651,1,870
2005,1072,2,547,1,3675,1,1072,1,525
1918,1674,2,1163,0,21780,1,1163,1,396
2002,1459,2,1459,0,8749,1,1459,1,527
1930,1755,1,930,0,7810,1,1230,0,231
1958,912,1,912,1,7535,1,912,0,297
1967,1073,1,1073,1,9981,1,1073,0,270
1972,1610,2,1124,0,11358,1,1610,0,515
2003,1589,3,1406,0,3621,1,1589,1,630
1960,1561,2,1561,0,13339,1,1561,0,463
2004,1884,3,1884,0,15401,1,1884,0,670
1981,1882,2,0,0,8250,1,964,0,612
1978,1441,2,855,0,2289,1,855,0,440
2002,1629,3,1616,0,14536,1,1629,1,808
1910,1464,0,504,1,9900,0,764,0,0
1976,1743,2,966,0,20064,1,1743,1,529
2007,2610,2,1184,0,9000,1,1184,1,550
1994,1592,2,1556,0,11927,1,1592,1,484
1999,2365,3,1252,0,9430,1,1268,1,856
1965,1136,1,1136,0,9200,1,1136,0,384
1914,864,1,864,1,8212,0,864,0,200
1957,1839,2,1477,0,14442,1,1839,0,416
1978,1055,1,1061,1,2304,1,1055,1,319
1964,1251,1,1251,0,8800,1,1251,0,461
1955,1216,1,1216,1,10050,1,1216,0,336
1993,1190,2,1181,0,7250,1,1190,1,430
1999,1675,2,841,0,24682,1,892,1,502
2008,3140,3,1926,0,13518,1,1966,0,820
2005,2758,3,1704,0,13654,1,1722,0,814
1958,2144,2,1444,0,159000,1,1444,1,389
1948,1325,2,409,0,17541,1,1325,0,576
2006,1208,2,1187,1,6762,1,1208,1,632
2005,1456,2,728,0,8199,1,728,1,410
1964,1611,2,780,1,9760,1,798,0,442
1972,1030,1,494,1,1890,1,494,0,264
1920,865,1,660,0,10042,1,740,0,216
1923,892,0,858,1,5160,0,892,1,0
1978,1456,2,855,0,2364,1,855,1,440
1976,1456,2,855,0,2179,1,855,1,460
1932,1520,1,793,1,4500,1,848,0,281
2006,1278,2,1278,1,8640,1,1278,1,584
1965,2140,2,744,0,8970,1,825,0,549
2005,1560,2,684,0,11911,1,684,1,400
2003,1932,2,979,0,8749,1,992,1,610
1954,1663,2,1364,0,53227,1,1663,1,529
1926,1281,2,756,1,6120,1,903,0,379
1958,1632,1,1240,0,9600,1,1632,0,338
1978,1152,1,1152,1,10547,0,1152,1,252
2005,1072,2,547,1,3675,1,1072,1,525
1994,990,2,990,1,9245,1,990,1,672
1972,1218,1,672,1,1680,1,672,0,264
1954,1363,2,1385,0,39104,1,1363,1,439
2005,1368,2,1368,0,6792,1,1368,1,474
1997,1950,2,975,0,7399,1,975,1,576
1941,1382,2,720,1,12358,1,854,0,660
2004,1709,2,970,1,2522,1,970,1,380
1950,1200,1,1200,1,9600,1,1200,0,246
1976,1523,2,1193,0,11361,1,1523,1,478
2008,1436,2,1436,1,7993,1,1436,0,529
1920,1130,2,1120,0,10800,1,1130,0,720
1999,2599,3,1393,0,14774,1,1422,1,779
1993,1594,2,1594,0,9547,1,1594,1,472
1963,999,1,925,1,11235,1,999,1,308
2007,1358,2,1350,0,10307,1,1358,1,484
1995,2531,3,1318,0,12257,1,1328,1,752
2006,1492,2,738,1,9073,1,738,1,440
2005,1536,2,768,0,10237,1,768,1,400
1960,1496,2,1296,1,9600,1,1496,0,450
1980,1564,2,650,0,8400,1,888,1,476
1954,1626,1,988,1,10512,1,988,0,332
2005,2206,3,1090,0,13975,1,1117,1,670
1970,1092,0,546,1,1495,0,546,0,0
1945,866,0,686,1,3880,0,866,0,0
2005,1175,0,1175,1,13072,0,1175,1,0
1966,1165,2,1127,1,9020,0,1165,0,490
1996,1636,2,916,0,15038,1,916,1,386
1948,972,1,972,0,8000,1,972,0,240
1972,987,1,483,1,1680,1,483,0,288
1972,864,2,864,1,7200,0,864,0,576
2003,848,2,848,1,4435,1,848,1,420
1958,1344,2,819,0,14375,1,1344,0,525
1920,1738,1,715,0,12513,1,1281,0,368
1952,1148,1,980,1,6420,1,1148,0,308
1998,1636,2,952,0,7500,1,952,1,440
1964,1806,2,780,1,7570,1,993,0,483
1940,1308,1,728,0,9600,1,976,0,256
2005,1208,2,1208,1,7488,1,1208,1,632
1968,874,1,864,1,10172,1,874,0,288
1910,1889,1,925,0,10120,1,964,0,308
2003,1553,2,1553,1,8736,1,1553,1,588
1910,2291,2,1214,0,7200,1,1260,0,506
2006,1625,2,1573,0,4750,1,1625,1,538
1962,1283,2,931,1,7763,1,1283,0,506
1958,864,1,864,1,5400,1,864,0,399
1977,1212,2,506,0,8471,1,1212,1,492
1999,1471,2,729,1,3230,1,742,1,440
2005,1500,2,750,1,8846,1,750,1,564
1990,2514,2,1216,1,11170,1,1298,1,693
1961,1576,2,1208,0,11475,1,1576,0,368
2004,1836,3,1836,0,11362,1,1836,0,862
1930,1536,2,928,0,6240,1,928,0,480
2005,1306,2,1306,0,5122,1,1306,1,624
2000,1573,2,756,1,2117,1,769,1,440
1978,907,1,907,1,16269,1,907,1,343
2006,2748,3,1850,0,13418,1,1850,0,850
1960,1329,2,1329,0,12285,1,1329,0,441
1966,955,1,955,1,7742,1,955,0,386
1922,2068,1,1108,0,7793,1,1160,1,315
1960,1149,1,1014,1,10682,1,1149,0,544
1960,1253,1,1253,0,10920,1,1253,0,352
1960,1118,1,1118,1,11332,1,1118,0,264
1924,1691,1,1026,0,5000,1,1026,0,308
2003,2400,3,1082,0,13262,1,1105,1,730
1990,2196,3,2158,0,14684,1,2196,1,701
1996,1288,2,1260,0,14963,1,1288,1,500
1976,1868,2,780,0,10304,1,1088,0,484
1880,2640,4,1240,0,11700,1,1320,0,864
1976,1728,2,1728,1,12640,1,1728,0,574
1924,1430,2,596,1,10320,0,834,0,370
1997,2199,2,1173,0,9660,1,1182,1,516
1979,2240,2,0,1,7018,1,1120,0,528
2005,1456,2,728,0,10237,1,728,1,390
1989,1034,2,982,0,3907,1,1034,1,598
1912,1560,0,780,1,12900,0,780,0,0
1925,1369,1,672,1,6629,1,697,0,300
2004,1733,2,847,0,8577,1,847,1,433
1950,1040,2,0,1,8544,1,1040,0,400
1998,1680,2,1650,0,10140,1,1680,0,583
1962,1716,2,858,0,9247,1,858,0,490
2005,1302,2,1302,0,3901,1,1302,1,631
1918,1250,1,686,1,8248,1,686,0,280
2005,2462,2,1392,0,19378,1,1392,1,576
1925,765,1,765,1,5000,1,765,0,200
1956,1014,1,0,1,7785,1,1014,0,267
1962,894,1,894,1,6600,1,894,0,308
1953,1154,1,864,1,11556,1,1154,0,336
2007,1372,2,1372,1,8640,1,1372,0,529
1987,1433,2,1433,0,11980,0,1433,1,528
1967,2640,2,932,0,10400,1,1271,0,515
1998,1463,2,1463,1,14753,1,1463,1,539
1941,2340,1,1152,0,9042,1,1188,0,252
1967,892,1,892,1,7150,1,892,0,288
2006,1500,3,1356,0,4045,1,1500,1,648
1905,1540,0,572,1,6000,0,884,0,0
2006,1394,2,384,1,9735,1,754,1,400
1956,1437,2,1188,0,14175,1,1437,0,576
1948,869,1,0,1,10122,1,869,0,390
2003,2200,3,2200,0,15262,1,2200,0,685
1996,2037,2,672,0,10541,1,1302,1,472
2007,2122,3,2108,0,14333,1,2122,1,938
1959,1472,2,0,0,11650,1,1472,0,484
1957,1073,2,1073,1,6565,1,1073,0,720
1964,1486,2,1486,1,9937,1,1486,0,480
2003,1922,2,0,0,7301,1,495,0,672
1973,1218,1,672,1,2058,1,672,0,264
1945,808,1,0,1,6120,1,808,0,164
2003,1626,2,764,1,2628,1,764,1,474
1997,1692,2,878,0,9337,1,892,1,513
1967,1052,1,1052,0,11625,1,1052,0,668
1941,1376,1,768,0,9492,1,968,0,240
1935,754,0,520,1,6780,0,520,0,0
1999,1749,2,842,1,9272,1,856,1,515
2004,2956,3,1706,0,13069,1,1718,1,916
1966,1051,1,1051,1,9759,1,1051,0,264
1976,1671,2,1426,0,16280,1,1671,1,550
1953,2034,4,0,1,43500,1,2034,0,1041
1994,2063,3,2024,0,10750,1,2063,1,815
1922,498,1,498,1,8088,0,498,0,216
2005,1362,2,1362,0,6289,1,1362,1,460
1963,1796,2,780,0,7056,1,983,0,483
1954,1795,1,1050,1,12150,1,1050,0,352
2005,1530,2,1530,0,16158,1,1530,0,430
1996,2260,2,1306,1,14000,1,1306,0,533
1982,845,2,845,1,7599,1,845,0,360
1925,672,0,432,1,8534,0,672,0,0
1939,1258,1,560,1,9060,1,698,0,280
1961,1453,2,1453,0,10573,1,1453,0,530
1968,2654,2,1054,0,11029,1,1512,0,619
1955,1150,1,1078,1,9600,1,1150,0,288
1925,641,1,641,1,7030,1,641,0,272
1980,2014,3,2014,0,15676,1,2014,1,864
1960,1429,2,1144,0,14585,1,1429,0,572
2005,1714,2,1714,0,8147,1,1714,0,517
1968,1159,1,1051,0,11553,1,1159,0,336
1980,1102,2,988,0,10464,1,1102,1,582
1915,1396,1,698,1,8730,1,698,0,384
1940,1510,1,755,0,9084,0,755,0,296
2003,1663,2,835,1,12774,1,835,1,478
1947,1137,0,0,1,8050,0,929,0,0
1960,1383,1,1383,1,11600,1,1383,0,292
1920,846,2,720,1,10800,1,846,0,576
1930,912,1,520,1,7392,1,912,0,360
1977,1004,2,975,1,10530,1,1004,1,504
2008,1720,3,1720,0,10816,1,1720,0,846
1979,1625,2,1625,0,23580,1,1625,1,576
1967,912,1,912,0,8521,1,912,0,336
2003,1986,2,847,0,8396,1,847,1,434
2006,1795,3,900,0,10603,1,909,0,782
2005,1698,3,1698,0,11520,1,1698,0,730
1977,1208,2,1208,0,11250,1,1208,1,546
1925,2640,3,2171,0,22136,1,1392,0,1008
1990,1442,2,910,0,10357,1,1442,1,719
1996,2125,2,1064,0,10990,1,1064,0,576
2005,2028,3,1868,0,11443,1,2028,0,880
1982,816,1,816,0,6600,1,816,0,264
2000,1823,2,928,1,12192,1,928,1,626
2008,2276,3,2271,0,11778,1,2276,1,1348
2001,1929,2,1057,0,7050,1,1057,1,650
2005,2097,3,2077,0,20896,1,2097,0,1134
2005,2795,3,1390,0,15922,1,1390,0,660
1978,1226,2,1226,0,3876,1,1226,1,484
1958,1095,1,588,1,10382,1,1095,0,264
1980,936,2,936,1,7200,1,936,1,672
1992,1730,2,816,1,7703,1,833,1,528
1986,1501,2,1277,0,4084,1,1501,1,512
1919,819,0,610,1,9000,0,819,0,0
2000,1525,2,1525,1,9100,1,1525,1,541
1968,1560,3,1560,1,8668,1,1560,0,792
1997,1838,3,1838,1,10126,1,1838,1,721
1999,2322,2,1037,0,12460,1,1037,1,400
1900,1367,1,861,1,8405,1,961,0,384
1952,1008,1,1008,1,12778,1,1008,0,280
1975,1193,2,1176,0,11050,1,1193,0,506
1947,660,0,0,1,9000,0,660,0,0
2003,1978,3,1978,0,10389,1,1978,1,850
1968,1770,2,900,1,8640,1,884,1,530
2005,2376,3,1158,0,14215,1,1158,0,853
1999,1557,2,1557,0,4109,1,1557,1,484
1964,1452,2,1420,0,11235,1,1452,1,572
1925,1236,1,768,0,7006,1,788,0,384
2006,1565,2,1511,1,3784,1,1565,1,476
1925,1351,2,901,0,16287,1,901,0,576
1923,968,2,968,1,8520,1,968,0,480
1935,1032,1,0,0,8250,1,1032,0,260
1995,1499,2,781,0,12438,1,795,1,473
1961,1235,2,1235,1,8500,1,1235,0,480
1969,988,2,938,0,21453,1,988,0,540
2007,1496,2,1496,1,9158,1,1496,1,474
1968,1416,2,708,0,11700,1,708,0,776
1926,1224,1,818,1,3950,1,818,0,210
1974,1792,0,896,1,9000,0,896,1,0
2002,1712,3,1712,0,16770,1,1712,0,701
2006,1294,2,1286,0,6762,1,1294,1,662
1927,1296,2,845,1,6000,1,866,0,576
1959,1041,1,1041,1,9600,1,1041,0,270
1952,1044,2,540,1,8712,1,1044,0,504
1955,864,2,864,1,8172,1,864,0,572
2004,1119,2,835,1,16219,1,1119,1,437
1953,1319,1,608,1,10634,1,1319,0,270
1978,1026,2,940,1,10970,0,1026,1,576
1998,2475,3,1629,0,17433,1,1645,0,962
2007,1316,2,1316,0,11175,1,1316,1,440
2009,1218,2,1218,1,7862,1,1218,1,676
2004,3005,3,1376,0,2880,1,1376,1,704
1959,1053,1,1053,1,10007,1,1053,0,312
1962,1116,2,1116,1,10000,1,1116,0,440
1971,950,1,950,1,9758,1,950,0,280
1914,3395,0,1440,1,10896,0,1440,0,0
1980,1235,2,1235,0,3760,1,1235,1,484
2000,1671,2,959,0,10852,1,959,1,472
2004,2466,2,1580,0,11143,1,1580,1,610
1926,960,2,850,1,6978,1,960,0,576
1987,1479,2,1645,0,14419,1,1479,1,578
2004,1582,2,770,1,8320,1,770,1,520
1956,936,1,936,1,5868,1,936,0,308
1940,804,1,788,0,7200,1,804,0,240
2000,1382,2,673,1,2651,1,673,1,490
2007,1392,2,689,1,3180,1,703,1,540
1981,1842,3,1842,0,50271,1,1842,0,894
1924,792,1,768,1,9022,0,792,0,240
1979,1224,2,1086,0,7018,1,1224,1,528
1954,894,2,894,1,9450,1,894,0,400
1938,1374,1,884,1,9260,1,932,0,225
2003,2314,2,1150,0,11060,1,1164,0,502
1930,713,1,713,1,10410,0,713,0,371
1979,1586,2,1362,0,17043,1,1586,1,435
1997,1384,2,384,0,8872,1,754,1,390
1971,874,2,864,1,7200,1,874,0,576
1959,3820,2,0,0,47007,1,3820,0,624
1930,984,1,984,1,7200,1,984,0,308
1966,1643,2,1182,0,11500,1,1643,1,438
2001,1787,3,1753,0,14781,1,1787,1,748
1977,1268,1,1268,1,9286,1,1268,1,252
1971,1052,2,1010,1,8816,1,1052,0,440
1978,1981,2,1117,0,17082,1,1117,1,522
2003,1696,2,835,1,10110,1,835,1,542
1965,1565,1,1187,0,8800,1,1565,0,299
1989,2519,2,1210,0,26178,1,1238,1,628
1926,1479,1,624,0,7000,1,743,0,312
2005,2253,2,1209,0,12867,1,1209,0,575
2005,1220,2,1220,0,3182,1,1220,1,397
2001,1312,2,1267,1,6718,1,1312,0,471
1967,900,1,882,1,9819,1,900,0,280
2005,1958,3,1026,0,10625,1,1026,1,936
1952,948,2,948,1,10950,1,948,0,410
1995,2520,3,1203,0,9950,1,1214,1,721
2004,1646,2,1594,0,3842,1,1646,0,525
1952,1031,1,1031,1,7626,1,1031,0,230
1959,1466,2,1466,0,17755,1,1466,0,528
1976,1025,2,1015,0,8660,1,1025,1,370
1968,952,1,952,1,8300,1,952,0,288
2006,2021,2,868,0,23257,1,887,0,422
2000,1630,2,1630,0,9750,1,1630,1,451
2005,1555,2,1373,0,3182,1,1555,1,430
1929,715,2,715,1,10914,1,715,0,660
1974,1430,2,1430,0,19508,1,1430,0,484
2003,1557,2,1374,0,3196,1,1557,1,420
1995,1494,2,1494,0,9549,1,1494,1,481
1998,1632,2,935,0,9084,1,955,1,462
1880,2016,2,0,0,26400,1,1288,0,576
1957,1092,1,1092,0,14850,1,1092,0,299
1962,1812,1,864,0,7590,1,876,0,264
1976,1262,2,1262,0,9600,1,1262,1,460
1970,914,1,914,1,7920,0,914,0,368
1954,1293,2,1178,1,11027,1,1293,0,452
1947,1043,1,938,0,9724,1,1043,0,273
2004,1414,2,1414,1,8773,1,1414,1,494
1960,1560,2,1560,0,25485,1,1560,0,580
1994,2494,3,1290,0,10236,1,1305,1,803
2007,1978,3,1978,0,12633,1,1978,0,920
1958,1056,1,1056,1,8176,1,1056,0,308
1968,2142,1,896,0,13000,1,1182,1,509
1923,1603,2,784,0,9650,1,819,0,599
1978,1110,2,1097,0,9101,1,1110,1,602
1930,1098,1,531,0,4000,1,567,1,216
1978,1671,2,1427,0,10928,1,1671,0,484
1958,1215,1,1215,1,12400,1,1215,0,297
1970,1092,1,546,1,2001,1,546,0,286
2002,1392,3,1441,0,10000,1,1392,1,650
1959,864,1,864,1,8125,1,864,0,308
1978,912,2,888,0,7540,1,912,1,470
2005,1716,2,858,1,8125,1,858,1,615
1999,2060,2,992,0,8755,1,1022,1,390
1953,1630,2,1073,0,22692,1,1630,0,649
1958,1170,1,1170,0,7315,1,1170,0,338
1999,2270,3,1152,0,11764,1,1164,1,671
1976,1935,2,793,0,12384,1,1142,1,550
1971,864,0,864,0,10500,0,864,0,0
2005,1422,2,704,0,11646,1,704,1,440
1977,2288,2,908,0,13774,1,1316,1,520
2005,1476,2,738,1,8633,1,738,1,540
2003,1710,2,856,1,8450,1,856,1,548
2000,1652,2,782,1,8998,1,782,1,532
1954,1056,1,1056,1,9250,1,1056,0,260
1967,2126,2,1013,1,28698,1,1160,0,538
1993,2786,2,1848,0,11025,1,1827,1,636
1926,1285,2,861,1,7000,1,861,0,506
1964,1292,2,1292,0,10500,1,1292,0,520
2007,1456,2,728,1,7713,1,728,1,400
1969,1026,2,1026,1,7930,1,1026,0,440
1954,1855,1,994,1,9525,1,1216,0,325
1950,1164,1,1164,1,10880,1,1164,0,240
2006,1670,3,1670,0,15218,1,1670,0,928
1976,1055,1,1055,1,2280,1,1055,0,319
2002,1419,2,408,0,7750,1,779,1,527
1966,1200,2,1174,0,8800,1,1200,0,440
1975,924,1,924,1,7990,1,924,1,280
2004,1640,2,798,1,8366,1,798,1,520
1956,1050,1,1050,1,9600,1,1050,0,338
1945,640,1,0,1,8777,1,640,0,240
1910,1347,0,1117,1,7000,0,820,1,0
1925,1328,1,686,1,9906,1,810,0,210
1928,2009,3,672,0,19950,1,1337,0,795
2002,1511,2,1368,0,2938,1,1511,1,398
1973,987,1,483,1,1680,1,483,0,264
1965,912,2,912,1,8872,1,912,0,576
1910,1432,2,264,1,9600,0,768,0,360
1950,1040,2,0,1,7200,1,1040,0,420
1941,540,1,480,1,8154,0,540,0,200
1954,1906,2,1310,0,17500,1,1906,0,576
1955,1005,2,1005,0,10434,0,1005,0,672
1895,1534,0,736,1,10800,0,751,1,0
2003,1080,2,530,1,2403,1,530,1,496
1954,1482,2,954,0,16012,1,1482,0,609
1895,1991,0,957,1,8250,0,1034,0,0
1920,1513,1,939,1,6120,0,939,0,180
2004,848,2,848,0,4438,1,848,1,420
1961,1773,2,1313,0,10800,1,1773,0,418
1975,1456,2,855,0,2280,1,855,0,440
2006,1241,2,1241,1,4274,1,1241,1,569
1925,1159,1,747,1,7506,1,747,0,288
1940,672,1,672,1,4800,1,672,0,256
1973,2223,2,2223,0,13651,1,2223,1,516
1994,1516,2,707,0,8803,1,707,1,409
1978,864,1,864,1,7000,1,864,0,336
1966,1567,2,1562,0,14695,1,1567,0,542
1959,1588,2,0,0,17120,1,1120,0,680
1999,1651,2,831,0,8390,1,873,1,450
1992,1845,2,1055,0,11218,1,1055,1,462
2003,1656,2,746,0,6931,1,760,1,397
2007,1569,3,1386,0,3635,1,1569,1,660
1969,1352,1,663,1,9364,1,663,0,299
1918,2264,1,1100,1,7755,1,1100,0,408
1966,892,1,864,1,7800,1,892,0,416
1955,1779,2,1763,0,17920,1,1779,0,454
1959,1675,1,1422,0,15263,1,1675,1,365
1939,1123,1,732,1,6060,1,772,0,264
1951,1363,1,1008,0,14559,1,1363,0,288
1941,1646,1,918,0,7128,1,918,0,240
1910,1022,1,1022,1,7200,1,1022,0,280
1976,1620,2,1281,0,9991,1,1620,0,490
1920,1192,1,596,1,6402,0,596,0,189
1994,2526,3,1165,0,10120,1,1203,1,844
1955,1152,0,0,1,6845,0,1152,0,0
1951,1575,2,216,0,10170,1,1575,0,400
1999,1431,2,1431,1,9017,1,1431,1,666
1922,1436,4,892,0,10836,1,1254,0,1488
1957,1390,2,1705,0,39384,1,1390,1,550
1985,1240,2,1265,1,10331,1,1240,1,528
2007,1704,3,1704,0,11478,1,1704,0,772
1973,2090,2,1107,0,10382,1,1107,1,484
1920,1482,2,650,1,9000,1,832,0,324
1920,2350,2,973,1,9600,1,1377,0,393
1925,1666,1,588,0,5100,1,833,0,228
1970,630,0,630,1,1936,0,630,1,0
2007,1648,2,1596,0,3843,1,1648,0,482
1961,1774,1,552,0,15400,1,904,0,384
1974,1322,2,855,0,2308,1,855,0,440
1990,1398,2,1398,1,7175,1,1398,1,542
1911,1964,0,940,1,8525,0,1024,0,0
1949,1716,1,768,0,11409,1,1148,0,281
1974,1026,2,970,0,8410,1,1026,1,528
1988,1020,2,1004,1,3907,1,1020,1,509
2003,1480,2,1480,1,8197,1,1480,1,620
2002,1762,2,826,1,9930,1,878,1,591
1910,1928,1,1020,1,9142,0,908,0,440
1953,1644,2,1416,0,9600,1,1644,0,418
1938,1251,1,827,1,6900,1,827,1,240
2001,1789,2,858,0,10646,1,872,0,546
1924,949,2,949,0,6000,1,949,0,370
1976,1044,2,960,0,6285,0,1044,0,528
1925,1548,2,952,1,7264,1,952,0,672
1971,796,0,796,1,6723,0,796,1,0
1991,2127,3,1104,0,13125,1,912,0,833
1998,1204,2,1204,1,4500,1,1204,0,412
1963,1464,2,520,0,12886,1,1464,1,480
2003,2082,2,1362,1,11426,1,1362,1,484
1995,1671,2,781,0,13041,1,781,1,423
1973,988,1,462,0,1596,1,526,1,297
2000,2052,3,1107,0,10125,1,1040,1,642
1960,1144,1,1144,0,9100,1,1144,0,336
1921,616,1,616,1,6000,1,616,0,205
1970,882,2,882,1,8400,1,882,0,525
1925,1512,1,798,0,7609,1,798,0,180
1951,1396,0,660,1,9000,0,1060,0,0
1885,2290,2,777,1,11340,1,1246,0,560
2000,1674,2,814,1,7500,1,814,1,663
1997,1688,2,616,1,12798,1,616,1,603
1956,1375,1,1240,0,14175,1,1375,0,323
1966,988,1,988,1,7150,1,988,0,360
1915,1595,2,663,0,7200,1,774,0,528
1969,1479,1,864,1,10544,1,864,0,275
1992,883,2,828,0,7669,1,883,1,698
2006,1432,2,1422,0,9139,1,1432,0,492
1967,1568,2,1568,1,9600,1,1568,0,440
2002,1729,2,860,1,8158,1,860,1,542
1940,672,1,672,1,5400,1,672,0,308
1963,1394,2,1394,0,9500,1,1394,1,514
1938,1551,1,1058,1,10890,1,1058,0,240
2005,2046,3,1994,0,15431,1,2046,0,878
2006,1301,2,1293,0,7200,1,1301,1,572
2003,1405,2,1405,0,3242,1,1405,1,478
1972,1092,1,525,1,1680,1,525,0,264
1995,2090,2,1220,0,10000,1,1220,1,556
2006,1554,2,1554,0,4590,1,1554,1,627
1965,960,1,648,1,10246,1,960,0,364
1950,1040,2,0,1,7200,1,1040,0,625
2006,2172,3,1063,0,14154,1,1071,0,947
1940,1355,0,644,1,10106,0,808,0,0
2007,1530,3,1530,0,12606,1,1530,1,984
1953,1505,2,1505,0,12160,1,1505,0,505
1937,1375,1,780,0,9000,1,780,0,544
1984,1097,2,1040,1,9672,1,1097,1,480
1951,864,2,864,1,19138,1,864,0,400
1969,2634,4,1248,1,11643,1,1338,0,968
2005,1306,2,1306,0,5381,1,1306,1,624
1999,1252,2,600,1,2160,1,624,1,462
1940,1740,1,800,0,13125,1,960,0,240
1939,845,1,0,1,11067,0,640,0,256
1956,1384,2,1015,1,13300,1,1384,0,896
1993,2075,2,1148,0,10530,1,1091,1,473
1948,1668,1,1212,1,9600,1,1226,0,240
1970,630,0,630,1,1470,0,630,1,0
2003,2094,2,912,0,9375,1,912,1,615
1989,1644,2,1518,0,12800,1,1644,1,569
2007,1120,0,1120,1,8402,0,1120,1,0
2005,1484,2,742,0,12589,1,742,1,390
1971,981,2,981,1,10530,1,981,0,576
1978,1891,2,1224,0,18837,1,1287,1,678
2003,1560,2,1560,1,9196,1,1560,0,573
1922,816,1,816,1,3672,0,816,0,100
1967,1584,2,1584,1,8917,1,1584,0,506
2006,2596,3,1249,1,16259,1,1249,0,840
2009,1502,2,1502,1,9541,1,1502,1,644
2004,1836,2,1860,0,9100,1,1836,1,484
1996,2538,3,1325,0,9044,1,1335,1,933
1972,796,1,796,1,7689,1,796,1,336
1959,1040,1,1040,1,7500,1,1040,0,286
1920,1740,1,936,0,7308,0,960,0,225
2003,1440,2,1432,0,11202,1,1440,0,467
1998,1478,2,1418,1,7380,1,1478,1,495
1978,1548,2,804,0,2364,1,804,1,440
1955,1056,1,1056,1,13600,1,1056,0,300
1920,1701,0,600,1,7627,0,1101,0,0
1955,960,2,960,1,6000,1,960,0,576
1977,1356,2,1244,0,15957,1,1356,1,528
1999,1873,2,988,0,10820,1,988,1,597
2004,1374,2,384,0,13300,1,744,1,400
1912,2229,0,755,1,5520,0,929,0,0
2005,1801,3,893,0,10463,1,901,1,800
2007,1966,3,1966,0,12291,1,1966,0,1092
2001,1947,3,1357,0,9720,1,1366,1,725
1965,1664,0,0,1,9825,0,1664,0,0
2003,1626,2,764,1,2448,1,764,1,474
1978,1282,3,995,1,10385,1,1282,0,672
1910,1510,2,677,1,9600,1,833,0,720
1998,1425,2,1425,1,8685,1,1425,1,591
1945,998,2,0,1,9000,1,998,0,460
1925,764,2,680,1,5232,1,764,0,504
1949,893,2,845,1,9600,1,893,0,576
2007,1710,2,1710,0,8118,1,1710,0,557
1994,1624,3,1624,0,12461,1,1624,1,757
1979,1535,2,0,1,7018,1,1535,0,410
2005,1614,2,1614,0,9316,1,1614,1,576
1992,1923,2,750,0,10186,1,1061,1,564
2006,2550,3,1108,0,13440,1,1148,0,670
1969,1258,2,1198,1,12900,1,1258,1,400
1994,1987,2,1986,0,14303,1,1987,1,691
1945,1487,1,735,0,8741,1,798,0,220
1940,1090,1,720,1,6000,1,760,0,240
1964,1302,1,1302,1,9350,1,1302,1,309
1965,1625,2,1625,1,9750,1,1625,0,484
1977,1388,1,675,1,8340,1,686,1,317
2004,1200,2,600,1,3182,1,600,1,480
1972,882,2,882,1,7700,1,882,0,461
1966,1128,1,1080,0,11380,1,1128,0,315
1992,1187,2,1168,1,7980,1,1187,1,420
1976,1855,2,528,0,9600,1,1094,0,512
1965,1986,2,768,0,13600,1,1186,0,486
1970,1002,2,1002,1,8750,1,1002,0,902
2009,1212,2,1212,1,10420,1,1212,1,460
1977,1602,2,1602,0,16635,1,1602,1,529
2005,1614,3,1614,1,9926,1,1614,1,878
2005,1090,2,1090,1,7024,1,1090,0,450
2002,1989,2,1065,0,11367,1,1091,1,586
1988,1509,2,1461,0,10200,1,1509,1,600
1971,872,4,858,1,8294,1,872,0,480
1970,1092,0,546,1,1476,0,546,0,0
1920,960,1,960,1,6000,1,960,0,308
1928,1576,1,1042,0,6240,1,1042,0,225
1956,1144,1,1144,1,9571,1,1144,0,596
1956,1728,2,1048,0,13495,1,1728,0,576
1958,943,1,0,1,11515,1,943,0,308
1996,1716,2,880,0,8750,1,909,1,512
1910,1690,2,560,1,7200,1,930,0,624
1994,1895,2,712,0,10832,1,1086,1,409
1924,784,0,784,1,6130,0,784,0,0
1984,1522,2,1190,0,11075,1,1522,1,552
1950,2177,2,1032,1,15600,1,1102,0,484
2005,1324,2,1324,1,18494,1,1324,1,430
1926,789,1,768,1,10594,0,789,0,200
2007,1828,3,1822,0,11694,1,1828,0,774
1960,1175,2,1175,1,7635,1,1175,0,484
1975,879,2,864,1,9675,1,879,0,440
2000,2153,3,1440,0,11050,1,1476,0,736
1929,1517,2,792,0,11435,1,792,1,400
1945,670,0,370,1,3500,0,442,0,0
1993,1362,2,796,1,14115,1,796,1,480
2006,1143,0,1143,1,7500,0,1143,1,0
1919,1517,0,793,1,8500,0,997,0,0
2002,1509,2,783,0,7861,1,807,1,393
2006,1141,2,1141,1,7500,1,1141,1,484
1959,1225,0,950,1,9320,0,1225,0,0
2006,2473,3,1094,0,12292,1,1102,0,675
1974,1792,2,896,1,9000,1,896,1,480
1961,1150,1,1150,1,7000,1,1150,0,288
1988,1688,2,1675,0,12680,1,1688,1,528
2001,1786,2,920,0,11250,1,920,1,608
1910,796,0,796,1,8777,0,796,0,0
1968,898,1,833,1,8400,1,898,1,326
1946,1389,1,651,0,3378,1,707,0,240
1996,1504,2,1504,0,11883,1,1504,1,478
1939,1322,1,672,1,6240,1,899,0,280
2007,4676,3,3138,0,40094,1,3138,0,884
1961,864,2,864,1,8499,1,864,0,732
2008,1506,2,1498,0,14587,1,1506,1,592
1977,1009,2,995,0,9720,1,1009,0,576
2007,1800,3,1800,0,8232,1,1800,0,944
2004,1114,2,1114,1,13072,1,1114,1,576
1959,864,1,864,1,9100,0,864,0,300
1965,965,1,828,1,7800,1,965,0,300
1949,1588,0,448,1,12205,0,1588,0,0
1919,1824,2,764,0,13515,1,1060,0,520
2008,2713,3,1452,0,14948,1,1476,0,858
1907,1884,0,707,1,6449,0,942,0,0
2006,1973,3,1935,0,14226,1,1973,1,895
2005,1964,2,1100,0,12447,1,1116,1,760
1910,1447,0,801,1,10134,0,801,0,0
2005,1200,2,600,1,3180,1,520,1,480
2002,1668,3,1626,0,11248,1,1668,1,702
2008,5642,2,6110,0,63887,1,4692,0,1418
1942,1644,1,728,0,9480,1,888,0,312
2000,1848,2,975,0,7379,1,975,1,592
2005,1484,2,783,0,10237,1,783,1,393
1990,2243,3,700,0,13474,1,1122,1,746
1962,936,1,896,0,6760,1,936,0,288
1940,1489,1,778,0,9900,1,944,0,240
1967,1342,2,1372,0,9790,1,1342,0,457
1960,1264,2,1268,0,9300,1,1264,0,461
1918,2624,3,1370,0,22420,1,1370,1,864
1977,894,1,894,1,6285,1,894,1,308
1969,1404,2,1188,0,13383,1,1404,0,504
2007,1372,2,1363,1,8640,1,1372,1,588
1915,1647,1,806,1,6858,1,841,1,216
2006,1330,2,1330,0,8334,1,1330,1,437
1950,1668,1,856,1,9600,1,1112,0,271
1966,1059,1,1059,1,9000,1,1059,0,286
2002,2004,3,870,0,12891,1,878,0,644
1940,612,1,0,1,5925,0,612,0,308
1920,1452,0,736,1,4456,0,736,0,0
2006,3390,3,1528,0,18062,1,1528,0,758
1976,1092,1,546,1,1890,1,546,0,286
2004,1630,2,868,0,7984,1,868,1,436
1976,1060,2,1040,0,4224,1,1060,1,572
1996,2122,2,913,0,11492,1,913,1,559
1961,1236,1,912,0,6993,1,1236,0,288
1963,1144,1,1144,1,9204,1,1144,0,336
1961,1029,1,1029,1,7943,1,1029,0,261
2005,1248,2,1248,1,3010,1,1248,1,438
2001,1212,2,1212,1,9100,1,1212,1,573
1935,729,0,270,1,4130,0,729,0,0
1958,1142,1,160,0,9000,1,1142,1,384
2006,1939,3,1095,0,10728,1,1095,1,1053
1946,407,1,407,1,7311,1,407,0,297
1921,964,2,876,1,13360,1,964,1,432
1993,1571,2,799,0,7837,1,799,1,380
2006,1554,2,1554,0,4590,1,1554,1,627
1977,1055,2,1055,1,2529,1,1055,1,440
1988,1412,2,1392,0,11457,1,1412,1,576
2004,1073,1,1073,1,5500,1,1073,1,246
2004,1269,2,1256,0,3182,1,1269,1,430
1954,1050,1,1050,1,8092,1,1050,0,286
1951,1220,2,836,1,8877,1,1220,0,396
2007,2674,3,2630,0,13693,1,2674,0,762
1967,902,1,876,1,6173,1,902,0,288
1967,980,1,980,1,9750,1,980,0,384
1931,1774,2,952,0,6120,1,1022,0,468
1991,1472,2,384,0,10784,1,802,1,402
1954,2422,2,1288,0,12671,1,2422,1,527
1988,1179,2,1166,1,4740,1,1179,1,480
2005,1538,2,1538,1,8847,1,1538,1,484
1984,1360,2,1220,0,5814,1,1360,1,565
1972,2704,2,1952,0,13860,1,2000,1,538
1977,980,2,980,1,7064,1,980,0,484
1940,996,0,996,0,13907,0,996,0,0
1941,1218,2,735,0,6000,1,869,0,440
2007,1542,3,1542,0,11830,1,1542,1,852
2006,1486,2,1461,1,7441,1,1486,1,566
1960,1269,1,1269,0,7931,1,1269,0,308
1977,1026,1,1026,1,15240,1,1026,1,308
1969,1054,2,1054,1,9750,1,1054,1,460
1931,774,0,544,1,4270,0,774,0,0
1969,971,1,971,0,9920,1,971,1,300
1958,1041,1,1041,1,7350,1,1041,0,294
1987,1204,2,1191,1,3701,1,1204,1,461
2004,1432,2,716,0,7795,1,716,1,432
2007,1456,2,728,0,9018,1,728,1,400
2007,2464,3,2418,0,13693,1,2464,0,650
1980,2237,2,712,0,9839,1,1375,1,440
1970,864,2,864,1,8120,1,864,0,463
1963,970,2,970,1,8480,1,970,0,624
1954,1268,1,1268,0,7800,1,1268,0,244
1920,1480,1,972,1,5400,1,1044,0,207
2006,1824,3,1824,0,12633,1,1824,0,932
1970,2207,2,1947,0,19900,1,2207,1,576
2001,1788,2,1753,0,11838,1,1788,1,522
1958,1080,1,1080,1,9464,1,1080,0,288
2007,1615,3,1615,0,9345,1,1615,1,864
1928,1143,1,1008,0,7111,1,1143,0,288
1953,2287,2,1304,0,15593,1,1304,0,667
1958,960,2,960,1,9750,1,960,0,624
1970,630,1,630,1,1477,1,630,1,286
2009,1224,2,612,1,3951,1,612,1,528
2006,2121,3,2121,0,14450,1,2121,0,732
1996,2013,2,1117,0,9920,1,1127,1,455
1965,1200,2,864,1,9230,1,1200,0,884
1959,1287,2,1063,0,9830,1,1287,0,576
1976,1548,2,804,0,2308,1,804,1,440
1967,1620,2,1620,0,15387,1,1620,0,578
1997,1417,2,1417,0,8750,1,1417,1,511
1924,1032,1,1032,1,7741,1,1032,0,280
1980,2362,2,2002,0,12000,1,2362,1,546
1957,928,1,928,1,6000,1,928,0,288
1988,1872,2,1845,0,10400,1,1872,1,604
1916,1928,0,686,1,7082,0,948,0,0
1993,1440,4,1344,1,9069,1,1440,1,920
2000,1573,2,756,1,2117,1,769,1,440
2006,1962,3,1391,1,8760,1,1391,1,868
1908,2358,2,907,0,45600,1,1307,0,360
1993,1879,2,1079,0,10560,1,1079,1,473
2006,1500,2,1489,0,8760,1,1500,1,674
2007,1584,2,1574,0,10440,1,1584,1,594
1980,923,1,923,0,8012,1,923,1,264
1957,1788,1,1104,0,11250,1,1104,0,304
1970,630,1,630,1,1526,1,630,1,286
1954,1008,1,1008,0,11425,1,1008,0,275
1958,1138,1,588,1,10482,1,1138,0,264
1962,988,2,988,1,9100,1,988,0,624
1970,1180,2,1180,1,7830,1,1180,0,477
1958,1352,1,1062,1,6930,1,1352,0,288
2003,1114,2,1114,1,12450,1,1114,1,576
2002,1861,2,916,1,13450,1,920,1,492
2003,1944,3,1896,0,12378,1,1944,0,708
2003,1575,3,1603,0,10845,1,1575,1,732
1980,1229,2,561,0,1612,1,561,1,462
1963,1054,2,936,1,8800,1,1054,0,480
1940,861,2,861,1,12342,1,861,0,539
1975,980,0,945,1,9400,0,980,1,0
1892,2372,1,994,1,6600,1,1378,0,432
2007,1419,2,1419,0,8089,1,1419,1,567
1970,987,1,483,1,1869,1,483,0,280
2006,1604,2,1604,0,8814,1,1604,1,660
1966,1120,2,864,0,10710,1,1120,0,656
2007,1302,2,1302,1,8993,1,1302,1,436
1962,864,1,864,1,7000,1,864,0,336
1961,912,1,912,1,6768,1,912,0,288
1976,1444,2,1444,0,10400,1,1444,0,473
1898,2138,2,849,1,8100,0,1075,0,360
1939,884,1,884,1,6120,1,884,0,240
1992,2872,2,1683,0,10678,1,2129,1,541
1968,1920,2,570,0,10192,1,1222,0,487
2006,1342,2,1342,0,6240,1,1342,1,550
2000,2234,3,1160,0,9545,1,1205,1,768
2005,1310,2,1310,0,8767,1,1310,1,400
1958,1604,2,1604,1,8267,1,1604,0,576
2006,1670,3,1670,0,14859,1,1670,1,690
2004,1245,2,1235,1,3435,1,1245,1,495
1974,2167,2,1192,0,17542,1,1516,0,518
1956,968,1,0,1,8626,1,968,0,331
1910,1250,2,661,0,5362,1,661,0,552
2006,1125,2,1125,1,8536,1,1125,1,430
1998,2630,3,1470,0,9200,1,1470,1,696
2007,1602,3,1578,0,10200,1,1602,1,810
1948,1082,1,1082,0,11664,1,1082,0,240
1960,1556,0,1556,1,8512,0,1556,0,0
2001,1419,2,1419,0,4385,1,1419,0,588
2004,1422,2,1422,1,8500,1,1422,1,626
2004,1947,2,991,0,12552,1,991,1,678
1968,1052,1,1052,1,8400,1,1052,0,288
2008,2018,3,2002,0,13214,1,2018,0,746
1992,1737,2,836,1,8285,1,844,1,506
2006,1494,3,1494,0,10652,1,1494,1,840
1958,1176,1,1158,0,13770,1,1176,0,303
2006,1686,3,1686,0,7740,1,1686,0,899
1920,967,1,967,0,3153,1,967,0,180
1952,882,1,720,1,11556,1,882,0,240
1979,1229,2,1094,0,7040,1,1229,1,672
2005,1541,2,1541,0,12182,1,1541,1,532
1910,1760,2,1077,0,10818,1,981,0,648
1995,1239,2,1230,0,11064,1,1239,1,477
2004,2224,3,1462,0,8834,1,1462,0,738
2000,1936,2,1406,0,11194,1,1454,1,504
1980,1686,2,1686,0,10240,1,1686,1,612
1966,1092,1,1092,1,9825,1,1092,0,264
1998,2393,2,970,0,3951,1,1469,1,846
2009,1544,3,1544,1,12883,1,1544,1,868
1900,1428,2,712,1,6451,1,848,0,576
1946,1639,1,747,0,9350,1,892,0,240
1986,1400,2,676,1,10274,1,698,1,465
1992,1953,2,1580,0,53107,1,1079,1,501
1965,894,1,894,0,8450,1,894,0,336
1924,1301,2,1145,1,6911,1,1301,0,440
2002,1573,2,1573,1,9808,1,1573,1,544
2002,1894,2,817,0,11316,1,824,1,510
1950,1074,1,663,0,11479,1,1074,0,467
1979,1524,2,1332,0,23595,1,1332,1,586
1963,1382,2,1051,0,11235,1,1382,0,459
1961,1622,4,1249,0,32463,1,1622,0,1356
1984,833,2,833,1,12887,1,833,1,495
1920,1111,1,530,1,7200,1,581,0,288
2005,1552,3,1552,1,10084,1,1552,1,782
2006,2589,3,1738,0,16387,1,1738,0,831
1939,2192,1,720,0,8400,1,1052,0,240
1990,1321,2,1312,0,5118,1,1321,1,484
1990,2329,2,1475,0,11839,1,1532,1,514
1971,1050,1,1043,1,8510,1,1050,1,336
1926,986,1,960,0,6180,1,986,0,180
1995,1099,1,1099,1,9525,1,1099,1,352
1920,840,1,798,1,5747,0,840,0,250
1960,894,2,894,0,7436,1,894,0,396
1950,1238,1,864,0,7200,1,1238,0,357
1997,1682,2,1664,0,6264,1,1682,0,528
1945,1182,1,770,1,9576,1,885,0,378
2006,1564,2,1546,0,8298,1,1564,1,502
1949,1040,2,0,1,7200,1,1040,0,420
2008,1652,2,1600,0,5587,1,1652,0,482
1998,1502,1,1502,0,9763,1,1502,1,286
1954,948,1,948,0,8190,1,948,0,280
2007,2100,3,918,0,9709,1,958,0,786
1900,1440,1,540,1,5000,1,889,0,352
2004,2443,3,1158,0,10625,1,1158,1,744
1974,1877,2,1084,0,8000,1,1084,0,488
2006,1816,3,1790,0,12469,1,1816,0,730
2005,2324,3,1175,0,11924,1,1182,0,736
2007,1665,2,813,1,8125,1,822,1,562
2005,1778,2,1573,0,5748,1,1778,0,495
1940,1656,2,801,1,7628,1,1095,0,440
1890,1544,0,925,1,14190,0,1000,0,0
1957,1362,3,1040,0,9450,1,1362,0,768
1935,3447,3,728,0,14100,1,1968,0,1014
1978,2064,2,2048,0,18559,1,2064,1,550
1998,1661,2,1649,1,12137,1,1661,1,598
1962,1560,2,1776,0,11679,1,1560,0,528
1967,1832,0,1832,1,10773,0,1832,0,0
1997,1493,2,1478,0,13125,1,1493,1,508
1930,1108,1,637,0,7449,1,1108,0,280
2005,2868,3,1992,0,16056,1,1992,0,716
1971,987,1,483,1,1680,1,483,0,264
1952,1474,2,1632,0,31220,1,1474,0,495
1995,2061,2,1070,0,9085,1,1094,1,647
1970,1092,1,546,1,1533,1,546,0,286
1948,1527,2,699,0,11419,1,801,0,410
1996,1776,2,821,0,9783,1,821,1,443
1962,1025,0,1025,1,7000,0,1025,0,0
1920,835,1,458,1,10625,1,835,0,366
2005,2798,3,1398,0,16023,1,1414,0,670
1959,1902,2,1902,0,17500,1,1902,1,567
1930,840,0,672,0,4388,0,840,0,0
1965,1073,2,1073,1,10289,1,1073,0,515
2004,1709,2,970,1,2522,1,970,1,380
1946,666,0,666,1,5000,0,666,0,0
2002,1660,2,831,1,8935,1,831,1,493
1984,752,1,744,1,7175,1,752,1,264
1925,1694,2,1181,0,8400,1,1390,0,576
1989,1982,2,807,0,11287,1,1175,1,575
1970,2411,2,1008,0,8000,1,1403,0,570
1910,1680,2,856,0,6048,0,936,0,450
1995,2020,2,1128,0,9828,1,1142,1,466
2007,2152,2,1582,0,16659,1,1582,1,728
2006,1262,2,1262,1,7200,1,1262,1,572
1977,1483,2,1420,0,20062,1,1483,1,690
2000,1673,2,1673,0,11354,1,1673,0,583
1940,1034,1,735,1,10134,1,735,0,240
1951,1112,2,631,1,13070,1,1112,0,480
2007,1726,3,1726,0,9416,1,1726,0,786
1904,1539,2,650,0,10440,1,958,0,686
1922,1180,1,700,0,11600,0,1180,0,252
1970,630,0,630,1,1533,0,630,1,0
1968,1489,2,1489,0,9156,1,1489,0,462
1932,2345,2,952,0,16560,1,1170,1,360
1992,1280,2,1280,1,5005,1,1280,1,506
1998,2385,3,1066,0,10790,1,1108,1,600
1996,1097,1,1097,1,16561,1,1097,1,242
1938,1969,2,1272,0,6876,1,1272,0,400
1999,1404,2,672,1,2160,1,684,1,462
1993,1501,2,697,0,7685,1,697,1,420
2009,1508,2,1508,0,17485,1,1508,1,572
1915,1962,2,888,0,8094,1,888,0,572
1971,987,1,483,1,1680,1,483,0,264
1939,856,2,856,0,7890,1,856,0,399
1968,1488,2,1488,0,21579,1,1488,1,552
2001,2439,2,1531,0,12728,1,1531,1,560
1900,1627,2,797,1,9142,0,830,0,420
1989,2559,2,868,0,12128,1,1313,1,506
1977,1040,2,1040,1,8982,1,1040,1,748
2006,1370,2,1370,0,6442,1,1370,1,484
1955,768,1,768,0,8172,1,768,0,355
2006,1100,0,1100,1,7500,0,1100,1,0
1989,1191,2,1191,0,3907,1,1191,1,531
1950,1488,2,1488,0,47280,1,1488,0,738
1987,1137,2,1112,0,13811,1,1137,1,551
2006,1746,3,1746,0,14892,1,1746,0,758
2006,1491,2,738,0,8333,1,738,1,484
1916,2134,2,844,1,11888,1,1445,0,441
1971,858,0,858,1,8125,0,858,0,0
1967,1458,2,1176,0,9535,1,1458,0,512
1992,1280,2,1280,1,5070,1,1280,1,506
2004,1959,2,847,0,11796,1,847,1,434
2008,2822,3,1734,0,13891,1,1734,0,1020
2006,1364,2,1220,0,3087,1,1364,1,437
1995,1734,2,1587,1,8013,1,1734,1,528
1975,1456,2,855,1,2308,1,855,1,460
1923,1848,2,833,0,13053,1,1053,0,370
2005,1504,2,1346,0,3182,1,1504,1,457
2005,1809,2,945,1,10984,1,945,1,638
1959,1580,2,1244,0,10032,1,1580,0,440
1970,2117,2,1205,0,12925,1,2117,0,550
1999,2312,3,1177,0,15896,1,1223,1,658
1948,1120,2,744,1,11792,0,792,0,480
1926,1111,1,572,0,5700,1,572,0,288
1999,1344,2,1344,0,11875,1,1344,1,686
1972,894,2,894,1,7200,1,894,0,600
1964,912,1,912,1,7800,1,912,0,288
1938,816,1,816,0,8877,0,816,0,288
2003,2486,2,1122,0,11800,1,1146,1,452
1967,1107,1,949,1,8050,1,1107,0,308
1994,1850,2,973,0,29959,1,979,1,467
1994,1958,2,779,0,9317,1,1029,1,499
1937,1768,1,731,0,7200,1,981,1,240
1996,1992,2,860,0,15295,1,1212,1,608
1947,1312,2,784,1,7500,1,900,0,649
1988,1714,2,980,0,10421,1,980,1,496
1947,1216,1,832,1,8480,1,832,0,336
2005,1326,2,1326,1,12216,1,1326,1,388
1972,1092,1,546,1,1504,1,546,0,253
2006,1746,3,698,0,9729,1,698,1,350
1972,1479,2,725,1,7472,1,725,0,484
1965,864,1,864,0,8281,1,864,0,360
1968,1464,2,732,1,8814,1,732,0,470
1958,1312,2,1312,0,11355,1,1312,0,495
1926,1316,1,644,0,8969,1,672,0,369
2004,1720,2,840,0,8244,1,840,1,440
1955,1056,2,1056,1,34650,1,1056,0,572
1980,2353,2,845,0,13005,1,1153,1,484
2006,1314,2,1314,0,9317,1,1314,1,440
1930,1092,0,0,1,5600,0,372,0,0
2005,1553,2,756,1,8125,1,756,1,615
1936,1639,1,1064,1,10480,1,1166,0,240
2006,1537,3,1518,1,11563,1,1537,0,788
1965,1265,2,1219,0,9350,1,1265,0,502
1956,1188,2,988,0,14175,1,1188,0,621
1999,1549,2,744,1,2280,1,757,1,440
1930,1004,1,502,0,3960,1,502,0,200
1969,1096,1,1096,1,15870,1,1096,0,299
2000,1514,2,794,0,8433,1,819,1,394
1953,2259,2,1809,0,21000,1,2259,1,450
2005,1795,2,879,1,9316,1,879,1,578
1969,936,1,936,1,10295,1,936,1,288
1949,1268,1,832,0,12144,1,1036,0,288
1940,1750,1,983,1,12508,1,983,1,423
2008,2036,3,2190,0,13438,1,2036,0,780
2006,1905,3,1905,0,11670,1,1905,0,788
1971,1302,1,630,1,1680,1,630,0,280
2006,1694,3,1694,0,11825,1,1694,0,856
1996,4476,3,2396,0,15623,1,2411,0,813
2005,1953,3,1082,0,10574,1,1082,1,1043
2004,1914,3,1420,0,13215,1,1426,1,746
2003,2046,3,998,0,10625,1,1006,1,871
1936,951,1,951,1,8765,1,951,0,327
1910,1521,3,741,1,9720,1,780,0,640
1961,1114,2,1114,1,9900,1,1114,0,451
1922,1077,1,1007,0,9786,0,1077,0,210
2006,1495,2,738,0,8857,1,738,1,440
2007,1428,2,1428,1,11639,1,1428,1,480
2001,2035,2,884,0,9505,1,884,1,434
1999,1479,2,1468,1,9382,1,1479,1,577
1948,2320,2,0,0,14762,1,1547,0,672
1946,704,1,560,1,4280,1,704,0,220
1997,1344,4,1344,1,8940,1,1344,1,784
1955,1393,1,816,1,16466,1,872,0,300
1977,2022,2,1160,0,10005,1,1156,1,505
1999,1513,2,1462,0,15750,1,1513,1,521
1963,925,2,925,1,8638,1,925,0,484
1957,1105,1,1105,1,10454,1,1105,0,308
1970,904,3,864,1,10200,1,904,1,912
1998,1976,3,1044,0,9660,1,1079,1,885
1945,747,1,747,1,4608,1,747,0,220
1930,1001,1,837,1,6060,0,1001,0,216
2006,1652,2,1652,0,13173,1,1652,0,840
1900,1174,2,680,0,9000,1,680,0,576
1932,1609,3,637,0,12320,1,959,0,579
1942,976,1,976,1,7288,1,976,0,215
1946,1200,1,768,1,11767,1,768,0,240
2002,1909,2,872,1,8726,1,872,1,529
1962,1188,1,1188,1,26142,1,1188,0,312
1976,1304,1,264,0,2665,1,616,1,336
1956,1008,1,1008,1,6860,1,1008,0,308
1958,1336,2,1121,0,9610,1,1336,0,488
2001,1337,2,1337,0,4113,1,1337,1,511
1939,1118,2,793,0,7800,1,793,1,410
1977,1694,2,1694,0,14694,1,1694,1,642
1953,910,2,105,1,8892,1,910,0,414
1998,1604,2,926,1,9535,1,926,1,472
1954,1383,2,0,1,15635,1,1383,0,498
1998,1779,2,866,1,10400,1,866,1,546
1977,907,1,876,1,16300,1,907,1,308
1915,1416,3,876,0,12665,1,876,0,720
1938,1582,1,952,0,6120,1,994,0,250
1997,1344,4,1344,1,7060,1,1344,1,784
1987,1200,0,1200,1,10800,0,1200,1,0
1966,892,1,864,1,9477,1,892,0,264
2004,1490,2,788,0,15384,1,788,1,388
1970,1344,0,546,0,1533,0,798,0,0
2003,2262,3,1482,0,12244,1,1482,1,749
1958,1329,1,1329,1,14267,1,1329,0,312
1938,954,1,920,0,6305,1,954,0,240
1990,2503,2,1223,0,19522,1,1271,1,564
2006,2828,3,1466,0,9965,1,1466,0,1052
1971,1824,0,912,1,9400,0,912,0,0
1955,1540,1,1190,1,7150,1,1040,0,352
2002,1654,3,1654,1,8125,1,1654,1,900
1954,832,2,832,1,7227,1,832,0,528
1957,1392,2,1392,0,11341,1,1392,1,528
1928,784,2,784,1,9000,0,784,0,360
1974,2614,2,1522,0,10800,1,1548,0,624
1928,1477,1,861,0,6292,1,877,0,216
1997,2392,3,1396,0,9452,1,1407,1,870
2000,1638,2,1614,0,4765,1,1638,1,495
1935,1242,1,583,0,5707,1,647,0,180
1999,1224,2,1224,1,4500,1,1224,0,402
1958,1920,2,1052,0,13650,1,1252,0,451
1961,1362,2,1362,0,10197,1,1362,0,504
1972,1302,1,630,1,1680,1,630,0,264
2005,1768,2,866,1,9803,1,866,1,603
1920,864,1,592,1,9000,0,432,0,216
1950,1337,1,572,0,9600,1,1337,0,264
1931,1367,1,884,0,6240,1,959,0,560
1900,2007,1,917,1,8400,1,1090,0,357
2006,2389,3,1054,0,10672,1,1054,0,672
1953,1609,1,1000,1,9525,1,1068,0,305
2000,1892,2,982,0,8220,1,1008,1,431
2004,1593,2,839,0,7415,1,864,0,398
1988,1959,3,1907,1,11070,1,1959,0,766
1988,1752,2,559,1,12134,1,1080,1,492
1979,1299,2,1001,0,12150,1,1299,1,486
1963,1040,1,1040,1,7500,1,1040,0,308
1962,999,1,925,1,10205,1,999,0,300
1968,1008,1,1008,1,12518,1,1008,0,384
2000,1842,2,985,0,8826,1,985,1,486
2004,1535,2,1517,1,10171,1,1535,1,532
1941,1355,2,728,1,6221,1,760,0,528
1966,904,1,876,1,7162,1,904,0,408
1986,1256,2,1256,0,18265,1,1256,1,578
1963,864,1,864,1,6360,1,864,1,276
1947,1531,1,756,0,9350,1,1169,0,209
1934,1660,1,715,0,11988,1,849,0,240
1994,1320,2,636,1,9019,1,636,1,472
1972,630,0,630,1,1491,0,630,1,0
1964,1350,2,1248,1,9020,1,1350,0,520
1993,2232,2,1173,0,11692,1,1215,1,623
1940,778,1,740,0,6900,0,778,0,924
1977,985,1,985,1,8385,1,985,1,328
1949,1040,2,0,1,8544,1,1040,0,400
1931,1666,0,894,0,9839,0,894,0,0
1936,1135,2,560,1,7200,1,575,1,576
2008,1736,3,1736,0,11578,1,1736,0,834
1974,1494,2,1208,0,15410,1,1494,0,461
2008,1884,2,1884,0,7390,1,1884,0,649
1993,1320,2,630,1,3612,1,630,1,484
1959,1712,2,1626,1,8393,1,1712,0,588
1950,1113,1,1113,0,9600,1,1113,0,264
1940,1134,1,756,1,8160,1,756,0,240
2007,1361,2,1351,1,9627,1,1361,1,610
2000,2787,4,1168,0,7976,1,1168,0,820
1972,864,1,864,0,15523,1,864,0,338
1993,1744,2,996,1,9453,1,1014,1,457
1915,1344,0,536,1,10320,0,808,0,0
1996,2398,3,1379,0,11787,1,1383,1,834
1921,1436,1,585,0,6720,1,851,0,228
1976,1062,2,1029,0,11333,1,1062,1,539
2006,2234,2,2220,0,14082,1,2234,0,724
1955,827,1,0,0,7200,1,827,0,392
2009,1766,3,1766,0,9187,1,1766,0,478
1980,2673,2,1043,0,12388,1,1539,1,441
1963,1075,2,981,1,11235,1,1075,1,440
1996,1040,2,1040,1,12464,1,1040,1,576
1992,1287,2,624,1,10429,1,624,1,440
1942,1453,1,835,0,6360,1,955,0,240
1912,759,2,451,1,10320,1,759,0,576
1972,1092,1,546,1,1484,0,546,0,253
1974,894,2,864,1,11800,1,894,1,440
1993,1949,2,1050,0,9938,1,1062,1,574
1948,1122,2,924,1,12000,1,1122,0,528
1995,1658,2,773,0,8000,1,773,1,431
2009,2334,3,1590,0,12858,1,1627,0,751
1916,1344,3,624,1,4571,0,624,0,513
2005,1358,2,1358,0,6904,1,1358,1,484
1955,1163,1,1162,1,5820,1,1163,0,220
1986,1982,2,572,0,13607,1,1182,0,501
1949,924,2,672,0,8064,1,672,0,576
2006,1352,2,1352,0,4230,1,1352,0,466
1981,1740,2,1740,1,15417,1,1740,1,540
1954,1299,2,967,0,11375,1,1299,0,494
1953,1008,1,1008,1,8923,1,1008,0,240
2006,2640,3,2036,0,13162,1,2036,0,792
2006,1250,2,625,1,4017,1,625,1,625
2003,2385,3,1317,0,14277,1,1217,0,818
2006,1740,3,1721,1,12228,1,1740,0,874
1967,1691,2,1680,1,9900,1,1691,0,550
1950,1640,2,0,0,21370,1,1640,0,394
2006,1646,3,1638,0,10656,1,1646,1,870
2001,1690,2,845,1,9543,1,845,1,517
2008,1726,2,1726,0,3830,1,1726,1,561
2006,1504,2,1504,1,10936,1,1504,1,510
2004,1646,2,1594,0,3811,1,1646,0,482
1971,864,2,864,1,10500,1,864,0,576
1997,2098,2,1040,0,9375,1,1044,1,621
2007,2574,3,1482,0,9588,1,1482,0,868
1939,1077,1,991,0,7420,1,1077,0,205
1963,2294,2,741,0,13200,1,1497,0,658
1963,1040,2,1064,1,25286,1,1040,0,648
1980,1472,2,1372,0,14115,1,1472,1,588
1982,816,1,816,1,8314,1,816,0,264
1976,1112,1,536,1,2592,1,536,1,336
1941,1210,1,672,1,5000,1,832,0,240
2009,1935,2,832,1,8004,1,832,1,552
1976,1034,3,1012,1,12328,1,1034,0,888
1950,988,1,876,1,7200,1,988,0,276
2000,1800,2,982,0,8123,1,1007,1,463
1969,1308,2,720,1,9743,1,720,0,484
2009,1214,2,1214,1,9803,1,1214,1,520
1980,1045,2,516,0,1782,1,529,1,462
1953,936,2,936,1,6000,1,936,0,576
1976,1479,2,725,1,13517,1,725,0,475
2004,1158,0,1158,1,7500,0,1158,1,0
1940,2403,1,1032,0,24090,1,1207,0,349
1920,1140,2,1300,1,12900,1,1140,0,400
1950,1612,1,988,1,5830,1,1030,0,363
2006,1140,0,1140,1,17217,0,1140,1,0
1965,925,2,912,1,8125,1,925,0,576
1950,1904,1,1208,1,7200,1,1136,0,240
1939,1274,1,728,1,6125,1,728,0,224
1967,1387,1,943,0,7514,1,1387,0,300
2007,1933,3,894,0,14598,1,894,1,668
1954,1089,1,1089,0,7440,1,1089,1,252
2004,1710,2,1710,0,12118,1,1710,0,550
1910,816,0,624,0,3300,0,816,0,0
1920,1118,2,648,1,4400,1,734,0,440
1975,918,1,852,1,8750,1,918,0,360
1990,1217,2,1188,1,9947,1,1217,1,497
1945,729,0,0,1,12366,0,729,0,0
1937,1938,1,942,0,11700,1,1265,0,240
1955,925,1,923,0,8400,1,925,0,390
2007,1369,2,1369,1,9910,1,1369,1,605
2005,1362,2,1362,0,7577,1,1362,1,460
2005,1498,3,1498,0,11645,1,1498,0,844
2005,1072,2,547,1,3675,1,1072,1,525
1963,1045,1,1045,0,7936,1,1045,0,264
2008,2007,3,1017,0,11003,1,1026,0,812
1972,1181,2,1138,1,10012,1,1181,1,588
1962,1537,2,1319,0,8400,1,1537,0,462
1961,896,1,882,1,11622,1,896,0,730
1920,2654,2,671,0,16779,1,1567,1,638
1930,1162,1,728,1,6120,0,728,0,258
1956,1024,1,1008,0,10533,1,1024,0,313
2004,1080,0,1080,1,7500,0,1080,1,0
1978,1032,2,1032,0,10395,1,1032,1,564
1925,1208,2,780,1,6240,1,848,0,539
1978,1174,2,864,1,12250,1,1174,1,528
2007,1780,2,920,0,12852,1,920,1,612
1990,1442,2,1424,1,11851,1,1442,1,500
1957,1314,1,1314,1,8400,1,1314,0,294
1900,2014,2,716,1,9856,1,1007,0,624
1967,2650,0,0,1,7200,0,862,0,0
1964,1298,2,1250,1,11200,0,1298,0,504
1914,1784,1,747,1,13132,0,892,1,180
1939,1342,1,739,0,6000,1,874,0,240
1998,2263,2,1141,0,12090,1,1165,1,420
1910,1635,1,485,1,5310,1,1001,0,255
1925,864,0,864,1,5604,0,864,0,0
2004,1414,2,1375,0,3072,1,1414,1,398
1941,672,1,672,1,9340,1,672,0,234
1956,1074,2,894,0,7450,1,1074,0,396
1918,1228,1,600,0,7155,1,628,0,215
2003,1760,2,1760,0,12878,1,1760,1,583
1961,1433,2,1251,0,9600,1,1433,0,441
2005,1536,2,768,1,9045,1,768,1,400
1951,2136,2,2136,1,10680,1,2136,0,528
1981,1479,2,725,0,12090,1,725,1,484
1921,1343,1,731,0,7681,1,820,0,186
2005,2091,2,1606,0,9942,1,1625,0,521
1975,1069,2,1069,0,4043,1,1069,1,440
1920,1362,2,611,1,6155,0,751,0,502
1956,1560,1,1150,0,11767,1,1560,0,313
1967,894,2,894,1,9764,1,894,0,450
1922,864,0,864,1,4060,0,864,0,0
1960,1179,2,1179,1,8240,1,1179,0,622
1954,825,1,825,1,7200,1,825,0,350
2006,1220,2,1199,1,7406,1,1220,1,632
2006,1444,2,384,1,9802,1,744,1,400
1920,1167,2,915,0,8731,1,1167,0,495
2003,1080,2,530,1,4447,1,530,1,496
1955,1382,1,1382,1,8750,1,1382,0,350
2003,2392,3,2392,0,13472,1,2392,0,968
1999,1337,2,1405,0,5858,1,1337,1,511
1956,960,1,672,1,8926,1,960,0,288
1950,1435,1,910,1,8674,1,910,0,308
1922,2555,2,588,0,11526,1,1423,0,672
2010,1222,2,1222,1,7360,1,1222,1,615
1975,1621,2,1621,0,9373,1,1621,1,478
1984,1038,1,1038,1,3869,1,1038,0,264
2003,1456,2,1273,0,3196,1,1456,1,400
1990,1061,2,1054,1,10778,1,1061,1,462
1962,999,1,999,1,7758,1,999,0,264
1948,1456,1,810,0,7585,1,1002,0,280
2007,1571,3,1571,0,10991,1,1571,1,722
1937,1176,2,698,1,6000,1,786,0,624
1997,1368,4,1288,1,7020,1,1368,1,784
1952,1064,1,864,1,10950,1,1064,0,318
1925,1060,1,756,0,6854,1,916,0,308
2004,1114,2,1114,1,13695,1,1114,0,576
1924,1296,1,1107,0,4853,1,1296,0,260
1958,1053,2,1008,1,8973,1,1053,0,750
2000,1512,2,756,1,2980,1,756,1,440
1890,1869,2,1088,1,8820,1,1188,0,456
1995,1474,2,384,0,8530,1,804,1,400
1963,912,1,912,1,7791,1,912,0,300
1965,1786,2,1499,0,164660,1,1619,0,529
1995,1498,2,691,0,13031,1,691,1,409
1984,1232,2,1232,1,11120,1,1232,1,516
1964,934,1,912,1,10366,1,934,0,336
1995,2726,3,1342,0,10019,1,1358,1,725
1992,1603,2,761,1,7153,1,810,1,484
1962,1728,0,1728,1,13260,0,1728,0,0
2007,1800,2,1800,1,11923,1,1800,0,702
1993,2418,3,1311,0,10542,1,1325,1,983
1948,936,1,624,1,6956,0,624,0,265
2008,1696,3,1696,1,11194,1,1696,1,972
1910,899,1,481,1,6756,1,899,0,200
1990,1339,2,1309,0,8049,0,1339,1,484
1985,2432,2,1216,1,7700,0,1216,0,616
2003,2690,3,1765,0,16451,1,1804,0,795
1976,1127,2,1127,0,6500,1,1127,0,480
2005,1316,2,1316,0,10237,1,1316,1,397
1900,1812,2,360,0,7630,1,1032,1,672
2006,1576,2,770,1,8125,1,778,1,614
1964,1728,1,1728,1,10624,1,1728,0,352
1872,2358,0,684,1,5250,0,938,0,0
1975,1875,2,675,0,10530,1,1109,0,485
2006,1802,3,1802,0,13615,1,1802,0,843
1910,1360,1,680,1,4800,1,680,0,330
1977,1304,1,264,0,2665,1,616,1,336
1959,876,1,876,1,6410,1,876,0,320
1973,1242,2,1242,0,9600,1,1242,0,528
1921,1424,1,1228,0,7290,1,1424,0,312
2002,1725,2,840,1,8749,1,840,1,550
2000,2285,3,969,0,11000,1,997,1,648
2006,1606,3,1598,0,9658,1,1606,1,871
2000,2172,3,1519,0,11000,1,1533,0,687
1977,1440,0,1440,1,7711,0,1440,1,0
2000,1512,2,756,0,2117,1,756,1,440
1971,2365,2,1803,0,17597,1,2365,1,551
1879,2454,2,819,0,13500,1,1312,0,576
1976,1211,2,1211,0,13068,1,1211,1,461
2004,1515,2,789,0,9024,1,813,1,393
2005,1131,0,1131,1,13072,0,1131,1,0
2003,1394,2,384,0,11950,1,754,1,400
2005,1876,3,1308,1,11003,1,1308,1,848
1986,1088,2,1074,1,3696,1,1088,1,461
1947,1054,1,1046,1,9488,1,1054,0,240
1996,1720,2,1720,0,10593,1,1720,1,527
1994,990,2,990,1,9750,1,990,1,528
2004,848,2,848,1,4426,1,848,1,420
2009,1940,3,1930,0,10159,1,1940,0,606
1949,1523,1,1067,0,15600,1,986,0,295
1915,1392,0,1212,1,9900,0,1212,0,0
1974,2061,2,1165,0,9600,1,1165,0,498
1974,1389,2,1389,0,10010,1,1389,1,418
2009,1218,2,1218,1,9215,1,1218,1,676
1972,987,1,483,1,1680,1,483,0,264
1968,1473,1,1437,0,25095,1,1473,0,452
2007,1710,3,1710,0,13891,1,1710,0,866
1958,1776,3,1584,1,11475,1,1776,0,888
1924,1566,2,816,1,6000,1,816,0,450
2006,1919,2,1079,0,15611,1,1079,1,685
1952,733,2,0,1,14584,0,733,0,487
2004,2473,3,1143,0,9591,1,1143,0,852
1919,2447,1,804,0,9638,1,1699,0,336
1958,864,2,864,1,9100,1,864,0,624
2007,1838,2,1838,0,11422,1,1838,0,524
1981,2524,2,2524,0,9600,1,2524,1,542
1968,874,1,864,1,9858,1,874,0,288
1975,864,0,864,1,9350,0,864,1,0
1984,1621,2,1208,1,14145,1,1621,1,440
1997,1494,2,1479,1,9236,1,1494,1,576
1995,2501,3,1242,0,11929,1,1251,1,751
1958,1276,1,1276,1,9571,1,1276,0,350
1968,1978,2,832,0,9900,1,1098,0,486
1966,1348,2,660,0,7590,1,660,0,453
1999,1779,2,951,0,13426,1,951,1,586
2006,1717,3,1709,0,11146,1,1717,0,908
2004,1158,2,1158,1,13072,1,1158,1,576
1972,630,0,630,1,1890,0,630,1,0
1960,1065,2,1065,1,8892,1,1065,0,461
1976,894,1,894,1,10650,1,894,0,308
1970,1092,0,546,1,1936,0,546,0,0
1913,694,1,440,0,4280,1,694,0,352
1926,1316,2,750,1,8550,1,960,0,576
1922,1470,2,738,1,10560,1,868,0,624
1999,2214,3,1090,0,10566,1,1090,1,646
2005,1223,2,600,1,2544,1,520,1,480
1999,1739,2,970,1,2645,1,983,1,480
1978,1373,2,1319,0,7424,1,1373,1,591
2004,848,2,848,0,4435,1,848,1,420
2003,1948,2,847,0,7875,1,847,1,434
2000,1690,2,924,0,8063,1,948,1,463
1998,1916,3,1049,0,11050,1,1036,1,741
2004,1221,2,1221,1,7500,1,1221,1,400
2001,1541,3,1541,0,13704,1,1541,1,843
1965,1728,2,1728,1,13101,1,1728,0,576
1995,1253,2,1237,0,7875,1,1253,1,402
1920,1012,1,1012,0,8263,1,1012,0,308
1941,2133,1,1528,0,10452,1,1225,1,312
2003,2452,3,2452,0,15274,1,2452,0,886
1951,1422,1,806,0,12375,1,1081,0,288
2006,1342,2,1342,0,6240,1,1342,1,550
1951,1342,1,1342,1,9280,1,1342,0,256
1948,1495,2,864,1,8064,1,1064,0,576
1965,935,1,935,1,13526,1,935,0,288
1963,1000,2,1000,0,13050,1,1000,1,575
2000,1403,2,1381,1,8098,1,1403,1,470
1940,1717,1,901,0,12400,1,1125,1,410
2008,2234,3,2216,0,17423,1,2234,0,1166
1962,1696,1,1140,0,13673,1,1696,0,349
1955,1098,1,1098,1,7390,1,1098,0,260
2007,1464,3,1485,1,15256,1,1464,1,754
1959,1144,1,1144,0,8163,1,1144,0,796
1975,1701,2,1390,0,16647,1,1701,1,611
2005,1971,2,1113,0,9675,1,1113,1,689
1965,1039,2,1039,1,11625,1,1039,0,504
1964,1128,2,1302,0,18160,1,1128,0,480
2005,1577,2,1577,0,7841,1,1577,0,564
2005,2000,3,1910,0,18261,1,2000,0,722
1960,1771,2,0,0,21750,1,1771,0,336
1999,1755,2,840,0,9468,1,840,1,530
1968,1740,2,1740,0,11050,1,1740,0,512
1941,1564,1,704,0,12000,1,860,0,234
2006,2076,3,2076,0,13891,1,2076,0,850
2003,1928,2,847,0,8200,1,847,1,434
1996,1661,2,799,0,10667,1,827,1,550
1998,1724,2,880,1,8924,1,880,1,527
2006,1776,3,1732,0,15306,1,1776,0,712
1974,1876,2,901,0,9120,1,943,0,540
2004,2522,2,2208,0,7296,1,2522,0,564
1974,1309,2,1040,0,10140,1,1309,0,484
2000,1525,2,756,0,2117,1,769,1,440
2005,1456,2,728,0,10928,1,728,1,390
1981,1707,2,1686,0,16669,1,1707,1,511
1922,796,0,796,1,3636,0,796,0,0
1978,1295,2,1057,0,3840,1,1295,1,571
1968,1040,2,1040,1,7476,1,1040,0,686
1900,1774,3,1095,1,9600,0,1095,0,779
