11.877568578558138
11.643953727376633
12.269047444691562
11.938193200374572
11.842229212112828
12.354492650648448
12.706544857216672
11.813030057420567
12.675763725937609
11.76756768334381
11.77528972943772
13.028052697933088
12.215032386901646
11.901583454762012
12.240474072247506
12.404923504275338
11.809319478024031
11.842229212112828
12.01974306733868
12.721885810807203
11.418614785498987
12.400816722322686
11.805595078933049
12.66032791780777
11.944707881395766
12.506177237980511
12.845291484064564
11.856515169360305
11.759785542901755
11.652687407345388
12.261980277468469
12.178187442040638
11.824079893607152
11.744037185933616
11.883108758933753
12.072541252905651
11.635143097694478
11.856515169360305
12.4130868149145
12.458774999085929
12.066810578196666
12.26434155365415
11.84939770159144
12.429216196844383
12.793581494067123
11.362102575235644
11.813030057420567
12.209187788430318
12.417143615610113
12.332705296463539
12.066810578196666
12.363076394339839
11.608235644774552
12.86099861326992
11.302204433654575
11.964001084330445
12.665078520566368
11.928340903931561
12.067901936471507
11.566466231898259
11.848683160653573
12.100156419938624
11.695247021764184
11.904967552746252
11.951180395901384
11.964001084330445
11.813030057420567
12.36117287439302
11.805595078933049
12.691580461311874
12.066810578196666
11.652687407345388
11.648365035864053
11.694413341015606
11.711776323715394
12.043553716032399
11.870599909242044
11.695247021764184
12.20856952572876
12.449018824140563
11.665646551987892
11.824079893607152
11.881034786534624
11.289781913656018
11.608235644774552
12.779873068457553
11.26446410567173
11.967180737247824
12.083905011555967
12.128111104060462
11.588960151246226
12.799175708864519
12.533576212168626
11.938193200374572
11.507912923146684
11.170435156023453
12.240474072247506
11.842229212112828
11.944707881395766
11.976659481202368
11.901583454762012
11.938193200374572
12.4529327234617
11.2708539037705
11.918390573078392
12.264855572467237
12.154779351142624
11.883799128308773
11.728036844587175
11.877568578558138
12.165771348756648
12.547887726561882
11.870599909242044
11.812289042195847
11.560762794384388
11.53076538309856
12.321630986164447
12.154779351142624
12.043553716032399
12.011880916165731
11.77528972943772
11.848683160653573
11.911701584927597
12.407379502235209
11.740061037553975
11.982929094215963
11.917723684090689
11.763684183317412
11.62177986988231
11.794337924408413
12.618182296357007
12.24288661865289
11.951180395901384
11.643953727376633
12.271392111650817
12.308177868467327
11.824079893607152
12.429216196844383
11.76756768334381
10.578979797857352
11.401669829409995
12.077670930725649
11.863582336583399
12.292250341771226
11.512925464970229
11.900905258737373
12.089538829274222
11.719939634354555
12.013700752882718
11.813030057420567
12.691580461311874
11.759785542901755
12.375815420117268
12.404923504275338
12.14950229404178
12.542544882151386
11.512925464970229
12.110414905333732
11.719939634354555
11.77528972943772
11.982929094215963
9.45634070543332
11.790557201568507
12.14950229404178
12.128111104060462
12.081076155355488
12.301382825334498
12.367340793126296
11.133128103610641
11.695247021764184
12.043553716032399
11.594505451962652
12.281643832377247
12.460714863903755
12.800779753276867
12.235631447771718
12.567551034433226
12.106992367829498
11.624019512475815
11.608235644774552
11.898187865760873
11.951180395901384
12.641096555879882
12.072541252905651
12.154779351142624
12.567237494741757
12.128111104060462
11.820410164718188
11.755871643580617
11.915051671812877
11.874090314181814
11.805595078933049
12.727422692752377
12.043465476845318
11.891361900690473
11.542484267211773
12.170445467887022
11.77528972943772
12.206072645530174
11.630708500626612
12.000891794590137
12.387977448827787
12.332705296463539
12.206072645530174
12.30727452603914
12.063932878369052
12.154779351142624
12.345834587905333
12.213495031345811
12.028738630247258
11.396391648714276
11.76756768334381
12.086382166860469
11.686038082678873
12.065274916913605
11.643953727376633
12.078239274020289
11.884489021402711
11.703545824578878
12.425208175446844
12.611537753638338
12.007560729337492
11.898187865760873
12.100712129872347
12.301382825334498
12.043553716032399
12.345834587905333
12.598114733306197
11.641512152666213
11.790557201568507
12.423198124518821
12.259613412458204
12.103486056755072
11.711776323715394
12.24288661865289
11.695247021764184
12.072541252905651
12.301382825334498
11.472103470449973
11.626254150277232
12.631013530138995
12.083905011555967
11.759785542901755
11.49781182716018
11.813030057420567
11.736069016284437
11.686878772093667
11.608235644774552
12.693498620467778
11.976030352524807
11.715866308966918
12.097373228606832
12.577636201962656
11.914047823644255
12.352335152508426
12.594391594803367
12.165250651009918
11.86005499606543
12.037653993905211
11.911701584927597
12.375815420117268
11.719939634354555
11.362102575235644
12.0015054797889
11.77528972943772
12.504323669331189
12.373703486914124
12.904207367601158
12.672946381766982
11.870599909242044
12.025749091398891
11.763684183317412
12.128111104060462
11.759785542901755
12.088976873653927
12.448037951084972
11.786001385032646
11.957611286231675
12.661913960963405
12.0015054797889
11.589886506106357
12.885670953244288
12.618182296357007
12.206572520571825
11.77528972943772
11.387928974795543
11.191341840842766
11.104957226643945
12.509874099861838
11.77528972943772
11.856515169360305
12.464583340681674
12.121875486729419
11.074420502783864
12.259613412458204
11.904852681283913
10.985292722887856
11.314474526246391
12.511717418356127
11.288531131754366
12.31716669303576
11.349229372299439
11.891361900690473
11.326595886778735
11.957611286231675
12.345834587905333
12.10293188661066
11.648330101976432
12.078239274020289
12.614865543731012
11.931635799828413
11.820410164718188
12.154779351142624
12.33569641332368
11.951180395901384
11.728036844587175
12.05524975579559
11.809319478024031
11.918390573078392
11.702512232755595
11.946654038351252
12.154779351142624
12.634603026569334
12.142530960719474
11.112447898373103
12.180754837545884
11.845819880243557
11.656159633056136
11.809319478024031
12.122691036591123
12.813917896253697
12.308177868467327
12.093743460556254
12.92391243868049
11.307130551990632
12.596400426884427
11.812289042195847
12.468436909997665
11.976659481202368
12.367340793126296
12.20856952572876
12.506177237980511
11.728036844587175
12.323855681186558
11.607326140391713
12.100712129872347
12.230765258120545
11.694413341015606
11.827736204810263
11.669929213779893
12.249610947544657
11.59917655301345
12.911642346088676
12.043553716032399
11.864462231052837
12.167071908180441
11.938193200374572
12.111761966058932
11.575900264131617
12.644369511065932
12.016726473799254
11.661345470088502
11.49272275765271
12.513557345278134
12.031719258385396
11.314474526246391
12.669998467265833
12.117241431823558
11.827736204810263
12.086725887897607
12.154779351142624
11.751942365440728
11.694413341015606
12.083905011555967
12.541472879190051
11.820410164718188
11.49272275765271
11.759785542901755
11.608235644774552
11.894780707439258
11.911701584927597
12.063932878369052
11.881034786534624
12.392137188602963
12.031719258385396
11.884489021402711
12.100712129872347
12.211060187041213
11.042921835724492
12.103486056755072
12.360937356091089
12.524162674153336
11.813030057420567
11.998433280751929
12.644617856906528
11.635143097694478
11.845819880243557
11.356271654924852
12.061046873479915
12.703509032177148
12.119969946476761
11.678439903447801
11.782952602183288
11.719939634354555
11.878262781987614
13.056223574899784
11.77528972943772
11.967180737247824
12.24288661865289
11.94405831982697
11.918390573078392
12.196022309676673
12.037653993905211
12.66032791780777
12.154779351142624
12.061046873479915
12.287652632522597
12.061046873479915
12.013700752882718
11.84939770159144
11.626254150277232
13.195613839143922
12.388394202324129
10.542706391070517
11.76756768334381
11.018629143155449
12.206072645530174
12.676076274775909
12.631340380934517
12.345834587905333
12.432267536768098
12.220961258023925
12.649154617209645
11.44571671527678
11.56171562913966
11.755871643580617
10.460242108190519
12.184849009078548
11.931635799828413
11.736069016284437
11.502875129116727
11.813030057420567
12.058152515453552
11.877568578558138
12.072541252905651
11.87374182140951
11.728036844587175
12.509874099861838
12.061046873479915
12.01974306733868
12.013700752882718
12.273731294003989
11.407564949312402
12.040608205802641
12.052338545588132
11.884489021402711
12.676076274775909
12.319401330837177
11.575900264131617
11.842229212112828
12.568978139219542
11.326595886778735
11.76756768334381
11.502875129116727
11.77528972943772
12.180754837545884
12.294541293517781
11.608235644774552
12.328294703023394
12.652359748158593
11.84939770159144
11.669929213779893
12.345834587905333
11.755871643580617
12.616856915115939
12.058152515453552
12.193493863323313
12.180754837545884
12.27134527214637
11.941455846009388
12.190959007720126
11.451050061252142
12.560244459250788
12.676076274775909
11.944707881395766
12.175613438045465
11.589886506106357
12.206072645530174
11.652687407345388
12.560244459250788
12.491251587763836
12.117241431823558
11.976659481202368
12.128111104060462
11.83101549359339
12.827992316801751
12.013700752882718
12.138863895836725
12.323855681186558
11.84939770159144
11.669929213779893
11.993807212363148
11.884489021402711
12.100712129872347
12.128111104060462
11.870599909242044
11.461632170582678
11.77528972943772
11.951180395901384
12.429216196844383
11.074420502783864
12.052338545588132
12.188417710291453
12.230765258120545
12.221749124915181
10.822534482604
11.603679828238693
12.031123843065632
11.957611286231675
12.195517131590657
11.76756768334381
12.367340793126296
11.944707881395766
12.013700752882718
12.323855681186558
11.901583454762012
12.3570755190667
11.898187865760873
12.367340793126296
11.751942365440728
11.77528972943772
12.043553716032399
11.884489021402711
11.976030352524807
11.728036844587175
11.951180395901384
11.869900363917958
11.982929094215963
11.78485918045387
11.589886506106357
11.695247021764184
11.507912923146684
11.917723684090689
12.310432660854417
12.180754837545884
11.744037185933616
11.908340237224891
11.603679828238693
12.441144767709657
12.478006361013815
11.820410164718188
12.560244459250788
12.031123843065632
11.751942365440728
12.225875272826354
11.875830958659597
11.708492248514204
11.794337924408413
12.909170156943286
12.765688433465597
11.686878772093667
11.56171562913966
12.211060187041213
11.695247021764184
12.542544882151386
12.560244459250788
12.697715449879391
11.314474526246391
12.138863895836725
11.83862560460953
12.089538829274222
12.429216196844383
12.185869938212655
12.100712129872347
11.79810440720389
12.299107511497363
13.329377546788654
11.289781913656018
12.175613438045465
12.130729295226383
12.128111104060462
12.059803326028716
12.122691036591123
12.478006361013815
12.375815420117268
11.751942365440728
11.84939770159144
11.759785542901755
12.601487417784837
11.827042533619087
11.904967552746252
12.091783499128047
11.461632170582678
11.79810440720389
11.44571671527678
12.498428777526835
11.751942365440728
12.301382825334498
11.94210709969571
12.84792653170257
12.504323669331189
12.043553716032399
11.957611286231675
11.84939770159144
12.388394202324129
11.759785542901755
12.2960778698166
12.832011076396668
11.769116870330638
12.077670930725649
11.594321103174222
11.385092093460344
11.963567869487337
12.165250651009918
11.682668239557323
12.30591798049989
12.46651198158808
12.906346868281233
12.117241431823558
12.48559653028049
12.296827008798639
12.063932878369052
11.951180395901384
11.9891596439666
12.01974306733868
12.592433082713933
11.350406535472453
12.765688433465597
11.911701584927597
11.703545824578878
10.915088464214607
12.415117272464881
11.884489021402711
12.128111104060462
12.165250651009918
12.144197241812087
11.695247021764184
11.695247021764184
12.128111104060462
12.330500223905226
12.170445467887022
12.866179972011919
11.982929094215963
11.908340237224891
12.506177237980511
11.76756768334381
12.538967060803502
12.623061104072981
12.337100907936577
12.727838209334498
11.84939770159144
10.976782033219948
12.458774999085929
11.867097278690842
11.982929094215963
11.771436160121729
12.01974306733868
12.106252310247962
13.091904169919621
12.943236711506893
12.531772785169476
12.283033686666302
12.235631447771718
12.14950229404178
12.031123843065632
11.661345470088502
11.594505451962652
11.156250521031495
11.835008964139341
11.877568578558138
11.979385322467598
12.19904803059321
12.086725887897607
12.066810578196666
12.269047444691562
12.4529327234617
11.794337924408413
11.842229212112828
11.982303898822046
11.904967552746252
11.884489021402711
11.678439903447801
12.394624752074764
12.219309648562168
12.384218830913648
11.763684183317412
11.805595078933049
11.77452020265869
12.100712129872347
12.323855681186558
11.695247021764184
12.716402146247475
12.146853285870202
11.77528972943772
12.266697267346608
12.577636201962656
12.128656901032139
12.078239274020289
11.86005499606543
12.049418835484797
11.944707881395766
12.611537753638338
11.449985665196355
11.612770799939945
11.891361900690473
12.071969661006694
12.061046873479915
11.790557201568507
11.48246625748552
11.751942365440728
11.84939770159144
11.831379196088763
11.560762794384388
11.72399643505017
12.160028707028767
11.882763395435243
11.982929094215963
12.120514757168527
11.747997587149712
11.711776323715394
12.365210866868471
11.804848531679264
12.367340793126296
11.84939770159144
11.678439903447801
11.925035115797062
12.058152515453552
12.066235700342375
12.429216196844383
12.069680020624618
12.542544882151386
11.837903322165706
12.125404742462718
12.086725887897607
11.84939770159144
12.873902018105829
12.078239274020289
11.751942365440728
12.25247901834433
11.751942365440728
11.964001084330445
11.938193200374572
11.751942365440728
12.577636201962656
12.513189630620563
12.411052226216713
12.193493863323313
12.491172637278908
11.924372644755941
11.580584113444043
12.558488532548523
11.870271183889114
12.046138607613848
12.128111104060462
11.982303898822046
11.54829260880752
12.128586666638327
11.439278924801929
12.270220465353926
12.049418835484797
12.225875272826354
11.661345470088502
12.676076274775909
11.37366339763672
11.49272275765271
11.603679828238693
11.863582336583399
12.431533509799543
12.506177237980511
12.456442183097975
12.240474072247506
12.493129522588037
11.512925464970229
12.415433652431746
11.770663661048937
12.028738630247258
12.031719258385396
11.406453220459712
12.854483932248728
12.341477282536376
12.752672666102043
11.967180737247824
11.84939770159144
12.025749091398891
12.198544379109382
11.641318679738628
11.305901295535902
12.075394321888057
12.160028707028767
11.639558115903595
11.56171562913966
11.344506813345266
12.185869938212655
12.742566016044742
11.731257459287216
12.577636201962656
11.77528972943772
12.66032791780777
10.46310334047155
12.240474072247506
11.84939770159144
11.786762130599957
12.468436909997665
12.70076888736628
11.771436160121729
11.184421397998193
11.56171562913966
12.141534124392603
12.429216196844383
11.877568578558138
11.350406535472453
12.524526376648708
12.111212364506214
12.669806661762314
11.970350312009105
12.037653993905211
11.941944326032129
11.589886506106357
12.167851432709975
11.472103470449973
11.886211674714158
11.571194373094205
11.507912923146684
11.813030057420567
12.712890247898626
12.398756989359676
11.736069016284437
12.269047444691562
12.506177237980511
12.524526376648708
12.013700752882718
12.100712129872347
12.100156419938624
12.540757571577291
12.820987977820545
11.779128505744886
12.367340793126296
13.071070083016778
12.328290278254423
12.955127458028414
12.90216299072889
12.043553716032399
11.84939770159144
11.84939770159144
12.052338545588132
12.394624752074764
11.184421397998193
12.367340793126296
11.744037185933616
12.128111104060462
12.323855681186558
11.686878772093667
11.845819880243557
11.970350312009105
11.065074640365626
12.669806661762314
11.951180395901384
12.692503112461443
12.628067055589549
11.973194365119067
11.751942365440728
12.174581978438804
11.711776323715394
11.512925464970229
11.736069016284437
12.138863895836725
11.498826540590727
12.100712129872347
12.323855681186558
12.100156419938624
11.652687407345388
11.820410164718188
12.56549381513693
12.174989532116426
11.755871643580617
11.732060994886899
10.932981961904135
11.652687407345388
12.146853285870202
11.719939634354555
11.898187865760873
12.779873068457553
12.206777397134413
12.246734627249063
12.54521987260069
11.887931365593685
11.982929094215963
11.691071650353702
12.206072645530174
12.273731294003989
12.061046873479915
12.736700896592344
11.542484267211773
12.271392111650817
12.132964173709535
11.76756768334381
11.686878772093667
12.013700752882718
11.891361900690473
12.86099861326992
11.603679828238693
11.940393392554734
11.608235644774552
11.608235644774552
12.341477282536376
11.510923462299555
12.106252310247962
11.992260421644849
11.487607656985938
12.559191273266128
11.407564949312402
12.180754837545884
12.524526376648708
11.874090314181814
11.951180395901384
12.345834587905333
12.144197241812087
12.132964173709535
12.721885810807203
11.982929094215963
12.748783489541202
12.100712129872347
12.103486056755072
11.711776323715394
12.429216196844383
11.736069016284437
12.577636201962656
12.611537753638338
11.887931365593685
11.917723684090689
11.941455846009388
11.763684183317412
12.523525876315125
12.269047444691562
12.167851432709975
11.127262984158243
12.165250651009918
12.363076394339839
12.506177237980511
12.081076155355488
11.782952602183288
11.856515169360305
12.040608205802641
12.109010932687042
11.79810440720389
11.917723684090689
11.827736204810263
12.130810161029627
12.211060187041213
12.679196402112153
12.959844447906553
11.842229212112828
12.173032791451973
11.835008964139341
12.016726473799254
11.908340237224891
12.206072645530174
11.951180395901384
11.225243392518447
12.2783933071098
11.678439903447801
11.957611286231675
12.210189161042013
12.273731294003989
11.77528972943772
11.84939770159144
12.577636201962656
12.195517131590657
11.652687407345388
12.061046873479915
12.345834587905333
12.063932878369052
12.247694320220994
12.24288661865289
11.845102777308561
12.128111104060462
12.827992316801751
11.887243844081556
11.885178438872279
12.087255325185739
11.957611286231675
11.82700601127654
11.736069016284437
12.727303942010046
11.831379196088763
12.123234367221169
12.004568269319446
11.608235644774552
12.061046873479915
11.766792188927278
11.349229372299439
11.585246126549855
11.580584113444043
12.367340793126296
12.417103128960582
11.546360241056465
11.898187865760873
11.790557201568507
11.607326140391713
11.314474526246391
12.319401330837177
11.652687407345388
11.904967552746252
11.898935885244258
11.736069016284437
11.691908120498669
11.831379196088763
11.911701584927597
12.117241431823558
11.917723684090689
12.205572520488492
11.643953727376633
11.06663836234181
12.404923504275338
12.10799664436583
11.824079893607152
12.4529327234617
11.808813773969108
12.132964173709535
12.14950229404178
12.016122061571728
12.077670930725649
11.970350312009105
12.206072645530174
11.834284063781393
12.043553716032399
12.061046873479915
11.512925464970229
12.01309450854769
12.007621706806335
11.350406535472453
11.918390573078392
11.26446410567173
12.577636201962656
11.320553572322773
11.951180395901384
12.165250651009918
11.842229212112828
12.437184366493561
12.066810578196666
12.631340380934517
12.206072645530174
11.870599909242044
11.77528972943772
11.9891596439666
11.344506813345266
12.345834587905333
12.013700752882718
11.898187865760873
12.05524975579559
11.77528972943772
11.782952602183288
11.870599909242044
12.206072645530174
12.273731294003989
12.310432660854417
11.827736204810263
12.025749091398891
11.686878772093667
12.314927050442256
11.686878772093667
11.801856756822442
12.230765258120545
11.835008964139341
12.380025952653611
11.99535161421452
12.072541252905651
12.206072645530174
12.043553716032399
11.460578984598019
12.43320821811392
11.695247021764184
11.396391648714276
11.744037185933616
12.35017298950393
11.652687407345388
11.715866308966918
12.283033686666302
12.206072645530174
12.138863895836725
11.769503792370676
11.954401010601426
11.9891596439666
11.911701584927597
12.409013489526863
11.870599909242044
12.206072645530174
11.372513311253483
11.976659481202368
11.827736204810263
13.017002861746503
12.142866569626381
12.206072645530174
11.589886506106357
12.388394202324129
12.25247901834433
11.884489021402711
11.603679828238693
12.542544882151386
11.755871643580617
12.429216196844383
11.915051671812877
11.856515169360305
11.931635799828413
11.856515169360305
12.206072645530174
12.185869938212655
11.982929094215963
12.299107511497363
11.128791227563893
11.976659481202368
12.449018824140563
11.813030057420567
11.198214720130528
12.479909311159902
12.524526376648708
11.898187865760873
12.066810578196666
11.872346634576987
12.266697267346608
12.211060187041213
11.227906509937931
11.686878772093667
12.7444443677961
12.359523080243038
12.28690119819279
12.706847933442663
11.789799338705405
11.931635799828413
11.713823407337118
12.356645504009547
12.388394202324129
11.898187865760873
11.736069016284437
11.456884074086604
11.816726919301892
12.144197241812087
12.36946619243861
12.125404742462718
11.55214617812351
12.387977448827787
12.9456381320073
12.520883385370206
11.512925464970229
11.951180395901384
12.066810578196666
11.379394072345706
12.170445467887022
11.401993904262946
11.198214720130528
11.813030057420567
12.718896271958837
12.476099782743233
11.686576205316552
12.323855681186558
12.154779351142624
12.733551825822538
11.598726943661342
12.616525295149378
11.635143097694478
11.695247021764184
11.970350312009105
11.852962767755937
11.967180737247824
11.925035115797062
11.630708500626612
12.089538829274222
12.128111104060462
12.138863895836725
12.230765258120545
11.908340237224891
12.133501952695338
12.2783933071098
12.41186655850927
11.964001084330445
12.449018824140563
12.072541252905651
11.719939634354555
11.238488619268468
11.594505451962652
11.911701584927597
11.76756768334381
12.087429865399402
11.289781913656018
12.160028707028767
11.960811288962345
12.178187442040638
11.603679828238693
12.111761966058932
12.2783933071098
12.203569515312056
11.477298287327077
12.659734090733718
11.904967552746252
11.695247021764184
12.65395846952229
12.345834587905333
11.06663836234181
11.870599909242044
11.898187865760873
11.652687407345388
12.118333731222167
11.931635799828413
11.76718001130949
12.783761274226782
11.79810440720389
11.891361900690473
12.330500223905226
12.31716669303576
11.350406535472453
11.84939770159144
11.813030057420567
12.220961258023925
11.790557201568507
12.126758838810447
11.856515169360305
12.484204257170104
11.982929094215963
12.823868388846332
11.976659481202368
11.755871643580617
11.694413341015606
11.082142548877775
12.103486056755072
13.008659261632127
11.444314663342436
12.886641043883259
12.437184366493561
11.542484267211773
11.925035115797062
12.560244459250788
11.982929094215963
11.894780707439258
12.445089546000673
12.09458226949681
12.323855681186558
11.77528972943772
11.845819880243557
11.992260421644849
12.028738630247258
12.384218830913648
11.701477571514818
11.982929094215963
12.26763800118833
11.759785542901755
12.030766423630125
11.84939770159144
11.867097278690842
12.458774999085929
10.714417768752456
11.635143097694478
13.20895199837856
11.227773522372072
12.152144303504619
11.77452020265869
12.301382825334498
11.813030057420567
11.728036844587175
11.682668239557323
12.0271851854705
12.089538829274222
10.858998997563564
11.639558115903595
12.491251587763836
10.747207591575448
12.004568269319446
12.089538829274222
12.25247901834433
11.908340237224891
12.072541252905651
11.964001084330445
12.165250651009918
11.957611286231675
11.532728092266408
13.321214236149494
11.740061037553975
11.816726919301892
11.77452020265869
11.982929094215963
12.449018824140563
12.111761966058932
12.468436909997665
12.141534124392603
12.751299696013497
11.813030057420567
11.589886506106357
11.782952602183288
12.469440252634902
12.106252310247962
11.951180395901384
11.918390573078392
11.925035115797062
11.27720313144916
11.763684183317412
11.759785542901755
11.77528972943772
12.146853285870202
12.09815330331068
12.942039823273047
12.225875272826354
11.732060994886899
11.794337924408413
11.790557201568507
11.686878772093667
12.8790171187726
12.100712129872347
12.373703486914124
11.820410164718188
12.423198124518821
11.835008964139341
12.323855681186558
11.736069016284437
11.289781913656018
12.010665849187564
12.936751613811438
12.50539915757667
11.891361900690473
11.99535161421452
11.891361900690473
12.2783933071098
12.254862809699606
11.589886506106357
12.449018824140563
11.630708500626612
12.394624752074764
11.982929094215963
12.321630986164447
12.083905011555967
12.38755635142507
12.388394202324129
12.387977448827787
12.26904274984486
12.473535428894305
11.870599909242044
11.992260421644849
11.362102575235644
11.827736204810263
11.884489021402711
11.771436160121729
11.759785542901755
11.77528972943772
11.938193200374572
12.206072645530174
12.793859310432293
12.556729517143344
11.703545824578878
11.831379196088763
11.320553572322773
11.755871643580617
11.585246126549855
12.8790171187726
11.571194373094205
12.301382825334498
11.910358401381128
12.080991165908294
11.56171562913966
11.863582336583399
11.982303898822046
11.571194373094205
11.635143097694478
12.560244459250788
12.043553716032399
12.364144200100668
12.611537753638338
12.01364014498549
11.813030057420567
12.388394202324129
12.089538829274222
12.591335046320818
11.556942350387002
11.842229212112828
11.951180395901384
12.66032791780777
12.588610248994634
11.688558033613386
11.686878772093667
12.577636201962656
12.098487434850236
12.448626590364206
11.83862560460953
12.84397135185964
12.072541252905651
12.540757571577291
11.827736204810263
12.713492476161331
11.511924964636645
11.661345470088502
11.907161091126843
12.301382825334498
11.289781913656018
12.289954129510877
12.765688433465597
12.348006141418841
12.24288661865289
11.719939634354555
12.751299696013497
12.58087577645635
11.848683160653573
11.947301916572814
11.99535161421452
12.388394202324129
11.83862560460953
11.512925464970229
12.332705296463539
12.277928082630602
11.881034786534624
12.468436909997665
11.904967552746252
12.031719258385396
11.917723684090689
11.522875795823397
12.26857785088157
12.928980064352745
12.097930486910471
12.26434155365415
12.477167914377556
11.870599909242044
11.532728092266408
11.877568578558138
11.06663836234181
11.86005499606543
11.532728092266408
12.420780718023282
11.695247021764184
12.49612690212701
11.407564949312402
12.8802918162046
12.706847933442663
11.686878772093667
12.674512552799726
11.27720313144916
12.487485104968359
12.09458226949681
12.782686009834167
12.751299696013497
12.235388699864227
12.834681304952548
11.688255974575329
11.835008964139341
11.84939770159144
12.850554654108839
12.367340793126296
12.323411137947407
12.111761966058932
11.820410164718188
12.249610947544657
11.845102777308561
13.229567991666638
11.401993904262946
11.652687407345388
12.468436909997665
11.379965337713998
11.934919875029603
12.216022976383341
11.728036844587175
11.326595886778735
13.033197681535283
12.721885810807203
11.37366339763672
11.957611286231675
11.77528972943772
11.074420502783864
12.180754837545884
11.736069016284437
11.824079893607152
12.339291489316397
12.388602513959086
11.651817463836847
12.386308695833106
12.468882964346784
12.128111104060462
12.506177237980511
12.506177237980511
11.59910316121128
11.744037185933616
12.650348126203179
11.967180737247824
11.831379196088763
11.429543856031177
12.132156962580005
12.384218830913648
12.162643087602838
12.437184366493561
11.90429164869889
11.856515169360305
12.043553716032399
12.017330520933296
12.637952459809789
11.915051671812877
11.355101379776661
11.744037185933616
12.2783933071098
12.524526376648708
11.845819880243557
12.250089530946948
11.812289042195847
12.218495165528731
11.736069016284437
11.891361900690473
11.998433280751929
11.79810440720389
12.078239274020289
12.841325847671216
12.035729065495627
12.27606501735021
11.385092093460344
12.013700752882718
12.100712129872347
12.2783933071098
13.275827535915461
12.256052577835195
12.386308695833106
11.870599909242044
12.240474072247506
12.106252310247962
12.253433216890011
11.979799201207037
12.377922902456833
12.409013489526863
11.06663836234181
11.66907414746016
12.022750588402635
11.719939634354555
11.652687407345388
11.512925464970229
12.542187675503545
11.751942365440728
12.421184025147118
12.301382825334498
12.072541252905651
12.259613412458204
11.751942365440728
12.188417710291453
11.682668239557323
12.220961258023925
11.356271654924852
12.198262223438197
12.122691036591123
11.041048081342682
11.856515169360305
12.133501952695338
11.884489021402711
12.119969946476761
11.884489021402711
12.468436909997665
12.08069081199846
10.915088464214607
12.136186518066006
11.652687407345388
12.591335046320818
12.100156419938624
12.128111104060462
12.060468671671382
11.56171562913966
11.840789327054841
12.154779351142624
12.287652632522597
12.160028707028767
11.625360894300016
11.79810440720389
11.982929094215963
12.92391243868049
12.676076274775909
11.626254150277232
12.68354828961461
13.521139497361697
12.437184366493561
12.538967060803502
12.556729517143344
11.575900264131617
11.894780707439258
11.84939770159144
11.418614785498987
12.054813614188037
12.111761966058932
12.312682380588432
12.160028707028767
12.037653993905211
11.393578707337662
12.251046011172905
11.816726919301892
12.165250651009918
12.301382825334498
11.801856756822442
11.813030057420567
11.877568578558138
12.56374708980199
11.289781913656018
11.73526869611367
12.691580461311874
11.813030057420567
12.203569515312056
11.532728092266408
11.779128505744886
12.190959007720126
11.969717200243734
11.652687407345388
11.782952602183288
11.99535161421452
11.951180395901384
11.694413341015606
12.672162375454773
11.661345470088502
12.183315658407558
11.711776323715394
12.195517131590657
11.77528972943772
11.94405831982697
11.918390573078392
12.237086699059343
12.095141084822892
11.608235644774552
12.122691036591123
11.48246625748552
12.628067055589549
12.05524975579559
11.693161515273161
12.611537753638338
12.959538518762063
11.842229212112828
11.652687407345388
12.345834587905333
11.566466231898259
11.70766954176274
11.238488619268468
12.388394202324129
11.884489021402711
12.759957758756611
12.611537753638338
11.56171562913966
12.013700752882718
12.058152515453552
12.0015054797889
11.691071650353702
12.33138283649562
11.082142548877775
11.86005499606543
11.755871643580617
11.982929094215963
12.605640398372254
11.917723684090689
12.331603367977383
12.170445467887022
12.049418835484797
12.007621706806335
12.119969946476761
11.79810440720389
11.809319478024031
11.845819880243557
12.289954129510877
12.273731294003989
11.84939770159144
11.607326140391713
12.100712129872347
11.694546776649789
11.751942365440728
12.147913731356642
11.918390573078392
11.231887935237117
12.034691028774553
12.481998382283352
11.699405031912846
11.917723684090689
11.379394072345706
11.512925464970229
11.951180395901384
12.793859310432293
12.037653993905211
12.676076274775909
11.827736204810263
11.884489021402711
11.898187865760873
11.744037185933616
12.170445467887022
12.504323669331189
11.801856756822442
12.178187442040638
11.319037271804808
12.662706040212738
11.86005499606543
11.896826395162552
12.998904514672732
11.585246126549855
12.823628446539173
12.425208175446844
11.904967552746252
11.931635799828413
11.77528972943772
11.790557201568507
11.350406535472453
11.282253647235228
11.782952602183288
12.371587084007746
11.898187865760873
12.144197241812087
12.837775180646194
11.49272275765271
12.269047444691562
11.745425111208464
12.245293358683455
11.719126295554126
12.249610947544657
12.395038745042797
11.918390573078392
11.809319478024031
12.91349002080202
12.05466819137094
12.765688433465597
12.587927887999204
12.072541252905651
11.782952602183288
12.424806488355683
12.157669906302006
12.310432660854417
12.201060103706629
12.429216196844383
11.48246625748552
12.388394202324129
12.528156144699286
11.678439903447801
12.218495165528731
11.792449349720545
12.141534124392603
11.732060994886899
11.350406535472453
11.728036844587175
12.481561937216318
12.042965307660024
11.686878772093667
12.095141084822892
11.897507362161969
12.09949472246591
11.727230067617233
11.440354772135393
11.779128505744886
11.874090314181814
12.406561506279576
11.467310753709356
11.763684183317412
11.344506813345266
11.813030057420567
11.835008964139341
11.813030057420567
11.884489021402711
12.273731294003989
11.736069016284437
12.388394202324129
10.976782033219948
11.661345470088502
11.904967552746252
12.061046873479915
10.853000271901186
12.196022309676673
11.66907414746016
12.269671662972327
12.17921519136029
12.375815420117268
11.887931365593685
11.751942365440728
12.644327576461329
11.831379196088763
12.066810578196666
11.56171562913966
11.970350312009105
11.225243392518447
11.967180737247824
11.856515169360305
11.904967552746252
11.542484267211773
11.970350312009105
12.487356794850175
12.103486056755072
11.884489021402711
12.037653993905211
11.982929094215963
11.643953727376633
11.841415931849784
11.56171562913966
12.460714863903755
11.669929213779893
11.49272275765271
12.093687514935382
11.635143097694478
11.728036844587175
11.827736204810263
12.504323669331189
11.9891596439666
12.025749091398891
11.834284063781393
12.078239274020289
11.95053502640496
12.732279371334467
11.893414587008216
11.759785542901755
11.547326891687561
11.77528972943772
11.511924964636645
11.608235644774552
11.603679828238693
12.175613438045465
12.066810578196666
11.877568578558138
11.842229212112828
11.938193200374572
12.864240107194092
12.122691036591123
11.626254150277232
11.761736763033015
12.160028707028767
12.138863895836725
12.269047444691562
11.77528972943772
12.2783933071098
11.99535161421452
11.794337924408413
11.424094251263613
12.384218830913648
11.812289042195847
12.2783933071098
11.813030057420567
11.824079893607152
11.976659481202368
11.55214617812351
11.918390573078392
12.083905011555967
11.73526869611367
12.034691028774553
11.76756768334381
12.341258918085241
12.141534124392603
11.998433280751929
11.790557201568507
12.765688433465597
12.077670930725649
11.349229372299439
12.384218830913648
12.739637756265655
11.491701828518602
12.524526376648708
11.26446410567173
12.100712129872347
11.976659481202368
12.821258284620408
11.813030057420567
12.043494890772815
11.84939770159144
12.190959007720126
11.686878772093667
11.711776323715394
12.125404742462718
12.826649133255284
11.617285480294472
11.556942350387002
11.350406535472453
12.075394321888057
12.031719258385396
12.198544379109382
12.421184025147118
12.45254202214788
12.581078546153629
11.918390573078392
12.034691028774553
12.66032791780777
12.128111104060462
11.9891596439666
12.095141084822892
11.790557201568507
12.016726473799254
12.344964644396793
12.043553716032399
11.728036844587175
12.46997418931655
11.951180395901384
11.884489021402711
12.88712700173598
11.970350312009105
11.512925464970229
12.034691028774553
12.043553716032399
12.228323254464993
11.678439903447801
11.870599909242044
12.827729194939907
11.608235644774552
11.842229212112828
12.359780370124389
9.480367509189243
12.666657052859417
12.037653993905211
11.77452020265869
12.515393893085436
12.535376392672774
11.77528972943772
11.50891744357269
12.218495165528731
12.287652632522597
12.577636201962656
11.002099841204238
12.078239274020289
11.951180395901384
12.287652632522597
12.450977688625896
11.970350312009105
11.302204433654575
11.747997587149712
11.761346823468706
11.413105129688017
11.411446296020374
11.407564949312402
11.854740546001937
12.500606192931057
11.917723684090689
12.058152515453552
11.984490374782917
11.956970055045868
12.259613412458204
12.106252310247962
12.448626590364206
12.128111104060462
12.230765258120545
11.867798786962332
12.078239274020289
11.681824001432043
12.458774999085929
13.005829561148378
11.831379196088763
12.299107511497363
11.736069016284437
11.813030057420567
11.827736204810263
12.007621706806335
12.216022976383341
12.175613438045465
13.1260306447518
11.876873892875459
11.813030057420567
12.552926520261092
11.870599909242044
12.049418835484797
12.441144767709657
11.786762130599957
11.946031680112146
12.542544882151386
13.060487973686241
11.652687407345388
12.273731294003989
11.918390573078392
12.069680020624618
13.049792684569493
12.299107511497363
12.26434155365415
12.144197241812087
12.554836882168736
12.128111104060462
12.834681304952548
12.106252310247962
12.083905011555967
12.122691036591123
12.337100907936577
10.915088464214607
12.272562386799006
11.884489021402711
11.37366339763672
