11.695247021764184
11.294769455167058
11.719939634354555
11.877568578558138
11.686878772093667
11.874090314181814
11.678439903447801
12.100712129872347
12.259613412458204
11.575900264131617
12.542544882151386
11.314474526246391
11.790557201568507
11.686576205316552
12.504323669331189
12.850554654108839
12.388394202324129
11.665646551987892
11.856515169360305
12.013700752882718
12.103486056755072
12.031719258385396
11.691908120498669
12.043553716032399
12.0015054797889
12.05524975579559
12.061046873479915
12.069680020624618
11.44571671527678
11.77528972943772
12.013700752882718
11.759785542901755
12.669806661762314
11.84939770159144
11.695247021764184
11.245046019814627
12.688498794774466
11.813030057420567
11.702512232755595
11.771436160121729
11.751942365440728
12.384218830913648
12.394624752074764
12.095141084822892
12.154779351142624
12.359523080243038
12.028738630247258
11.307130551990632
12.100156419938624
11.998433280751929
11.904967552746252
11.349229372299439
12.3570755190667
12.007621706806335
11.901583454762012
12.373703486914124
11.917723684090689
11.901583454762012
11.884489021402711
11.876873892875459
11.86005499606543
11.319037271804808
11.320553572322773
13.060487973686241
13.043320170063875
12.560244459250788
11.827736204810263
12.456442183097975
11.458997122944673
11.372513311253483
12.14950229404178
11.854740546001937
11.300969103046583
12.130729295226383
12.429216196844383
12.031123843065632
12.119969946476761
12.100156419938624
11.56171562913966
12.078239274020289
12.206072645530174
12.175613438045465
12.363076394339839
12.541472879190051
12.256052577835195
11.918390573078392
11.289781913656018
11.782952602183288
12.040608205802641
11.751942365440728
12.567237494741757
12.128111104060462
12.086725887897607
12.829333698625952
12.142866569626381
11.951180395901384
11.603679828238693
12.4529327234617
11.542484267211773
12.180754837545884
12.864240107194092
11.755871643580617
12.614865543731012
12.117241431823558
11.06663836234181
12.154779351142624
12.09458226949681
12.873902018105829
12.782686009834167
12.526342907575106
12.193493863323313
11.891361900690473
11.928340903931561
11.02679245379461
11.678439903447801
11.867097278690842
12.271392111650817
12.58621994565405
12.170445467887022
12.111212364506214
12.328290278254423
12.415117272464881
13.20895199837856
11.759785542901755
11.870599909242044
11.669929213779893
11.782952602183288
12.022750588402635
11.719939634354555
11.84939770159144
11.80894766169701
12.122691036591123
13.290564035270378
12.45254202214788
11.728036844587175
11.898187865760873
12.765688433465597
11.904967552746252
11.951180395901384
11.87862357740665
11.507912923146684
11.820410164718188
12.341477282536376
11.699405031912846
11.970350312009105
12.596400426884427
11.302204433654575
11.76756768334381
11.77528972943772
11.813030057420567
12.458774999085929
11.934263922234683
11.544424132029599
11.495779306135258
12.437184366493561
11.816726919301892
11.608235644774552
11.917723684090689
12.206072645530174
12.083905011555967
11.608235644774552
12.367340793126296
12.141534124392603
11.695247021764184
11.842229212112828
12.373703486914124
12.556729517143344
12.323855681186558
11.532728092266408
11.652687407345388
11.48246625748552
12.339291489316397
11.449453042014655
12.88712700173598
12.138863895836725
12.373703486914124
12.506177237980511
12.015214757713933
12.301382825334498
11.84939770159144
11.711776323715394
11.84939770159144
13.008659261632127
11.813030057420567
12.195517131590657
11.626254150277232
12.675763725937609
12.36117287439302
12.206072645530174
11.884489021402711
12.206072645530174
11.792449349720545
12.531772785169476
12.458774999085929
11.56171562913966
11.350406535472453
11.931635799828413
11.589886506106357
11.626254150277232
12.354492650648448
11.960811288962345
12.254862809699606
11.461632170582678
11.350406535472453
12.666657052859417
11.904967552746252
12.098487434850236
11.082142548877775
12.388394202324129
12.468436909997665
12.84792653170257
12.272562386799006
12.083905011555967
11.970350312009105
11.8490404949436
12.644327576461329
12.506177237980511
11.77528972943772
11.925035115797062
11.296012463406655
12.611537753638338
11.951180395901384
12.235631447771718
12.09815330331068
12.33138283649562
12.309531353898404
11.867097278690842
12.301382825334498
11.198214720130528
12.712890247898626
13.122497368427132
11.904967552746252
11.699405031912846
11.635143097694478
12.100712129872347
12.676076274775909
12.27606501735021
11.884489021402711
12.096257779522967
12.631340380934517
10.46310334047155
12.016726473799254
12.50539915757667
12.273731294003989
12.103486056755072
12.269047444691562
11.320553572322773
12.089538829274222
12.404923504275338
12.037653993905211
12.066810578196666
12.423198124518821
11.755871643580617
11.634257750137753
12.289034166244521
12.138863895836725
12.2783933071098
13.229567991666638
11.289781913656018
11.918390573078392
11.877568578558138
11.652687407345388
11.652687407345388
11.867097278690842
11.127262984158243
11.56171562913966
12.206072645530174
12.120514757168527
11.824079893607152
12.281643832377247
12.043494890772815
12.68354828961461
12.26904274984486
12.08069081199846
13.056223574899784
12.228323254464993
12.220961258023925
11.643953727376633
11.970350312009105
11.826786849205313
12.448626590364206
11.960811288962345
12.218495165528731
11.982272628789678
11.867097278690842
11.349229372299439
12.279323107269766
11.76756768334381
11.79810440720389
12.659734090733718
11.813030057420567
11.641318679738628
12.36946619243861
11.84939770159144
11.652687407345388
12.371061522195516
12.086725887897607
11.915051671812877
11.608235644774552
12.040608205802641
12.025749091398891
11.917723684090689
12.211060187041213
11.938193200374572
12.779873068457553
11.763684183317412
12.513557345278134
11.918390573078392
13.221303325259232
12.034691028774553
11.918390573078392
12.016726473799254
12.264855572467237
12.061046873479915
12.429216196844383
12.175613438045465
11.915051671812877
12.841325847671216
12.425208175446844
12.742566016044742
12.142530960719474
12.323855681186558
12.616525295149378
11.732060994886899
11.813030057420567
11.771436160121729
11.842229212112828
11.938193200374572
12.128111104060462
12.367340793126296
12.323411137947407
11.507912923146684
12.348006141418841
12.959538518762063
11.913712983527281
11.904852681283913
12.111761966058932
12.2783933071098
11.695247021764184
11.818570237796182
12.175613438045465
11.78485918045387
11.925035115797062
12.010665849187564
11.891361900690473
12.203569515312056
11.540307141711446
11.805595078933049
11.856515169360305
11.827042533619087
11.619535200028487
10.460242108190519
12.128111104060462
12.611537753638338
10.858998997563564
11.941455846009388
12.498428777526835
12.437184366493561
11.967180737247824
12.66032791780777
12.066810578196666
12.016726473799254
12.261980277468469
12.337100907936577
12.254862809699606
11.894780707439258
12.400816722322686
12.072541252905651
11.917723684090689
12.05524975579559
12.331603367977383
12.30727452603914
12.577636201962656
12.509874099861838
11.429543856031177
12.180754837545884
12.409013489526863
12.598114733306197
12.468436909997665
11.652687407345388
11.835008964139341
11.289781913656018
12.100712129872347
11.625360894300016
11.585246126549855
12.165250651009918
12.013700752882718
12.100156419938624
12.367340793126296
11.566466231898259
11.924372644755941
11.594855621061042
11.782952602183288
11.766792188927278
12.165250651009918
12.24288661865289
12.9456381320073
11.736069016284437
12.567551034433226
11.831379196088763
12.479909311159902
12.165250651009918
12.218495165528731
12.147913731356642
12.763586225373727
12.031719258385396
11.598726943661342
11.951180395901384
12.066235700342375
11.813030057420567
11.626254150277232
11.691071650353702
11.542484267211773
12.834681304952548
12.205572520488492
11.960811288962345
12.644327576461329
12.132964173709535
11.603679828238693
11.688255974575329
10.985292722887856
12.479909311159902
11.951180395901384
11.87374182140951
12.716402146247475
12.388394202324129
12.591335046320818
11.678439903447801
11.84939770159144
12.577636201962656
11.736069016284437
11.982929094215963
11.736069016284437
12.225875272826354
11.891361900690473
11.682668239557323
12.521977676925694
11.657025808943985
11.982929094215963
12.605640398372254
11.84939770159144
11.957611286231675
11.755871643580617
11.870599909242044
12.343466568968994
12.375815420117268
12.386308695833106
11.967180737247824
12.718896271958837
11.421906066583059
12.078239274020289
12.230765258120545
11.719939634354555
12.178187442040638
12.66539442642905
11.77528972943772
11.951180395901384
11.49272275765271
12.35749675449625
12.139398512262181
12.691580461311874
11.835008964139341
12.2783933071098
12.367340793126296
12.211060187041213
12.011880916165731
11.751942365440728
11.686878772093667
12.037653993905211
12.137258329529814
12.441144767709657
12.170445467887022
11.716682302484248
12.230765258120545
12.066810578196666
11.648330101976432
12.111761966058932
11.481434797878858
11.794337924408413
11.976659481202368
11.54829260880752
11.759785542901755
12.793859310432293
11.898187865760873
12.668233097314884
12.078239274020289
11.411446296020374
12.301382825334498
12.524526376648708
11.691071650353702
12.133501952695338
11.719939634354555
12.077670930725649
11.77528972943772
11.759785542901755
11.283512300642423
12.928980064352745
11.964001084330445
12.14950229404178
11.970350312009105
11.699405031912846
12.075394321888057
11.732060994886899
11.918390573078392
12.123234367221169
12.424806488355683
12.591335046320818
12.693498620467778
11.744037185933616
12.20856952572876
12.4529327234617
12.58087577645635
12.611537753638338
12.732279371334467
13.038981768465277
11.931635799828413
12.43320821811392
12.106252310247962
12.429216196844383
11.856515169360305
12.037653993905211
11.77528972943772
11.682668239557323
12.154779351142624
12.058152515453552
12.429216196844383
11.76756768334381
11.924432285124535
11.938193200374572
12.611537753638338
12.524526376648708
11.998433280751929
12.132695175725399
12.154779351142624
12.429216196844383
12.287652632522597
12.031123843065632
11.824079893607152
12.330500223905226
11.661345470088502
13.028052697933088
11.396391648714276
11.845819880243557
12.061046873479915
12.354492650648448
12.297785453453374
11.79810440720389
12.392552212472792
11.964001084330445
12.82771576849868
11.289781913656018
11.809319478024031
12.249610947544657
12.170445467887022
12.254862809699606
12.031123843065632
11.77528972943772
12.30591798049989
12.160028707028767
11.661345470088502
11.603679828238693
11.608235644774552
12.669998467265833
11.911701584927597
11.782952602183288
12.386308695833106
12.061046873479915
12.409013489526863
11.813030057420567
12.157669906302006
11.652687407345388
11.607326140391713
11.661345470088502
11.695247021764184
11.639558115903595
11.951180395901384
11.27720313144916
12.206072645530174
12.254862809699606
11.728036844587175
11.816726919301892
11.691071650353702
11.511924964636645
11.672063686308526
11.669929213779893
11.678439903447801
12.301337369755954
12.01974306733868
12.2783933071098
12.206072645530174
12.190959007720126
11.727230067617233
12.013700752882718
12.345834587905333
11.819674600139235
11.736069016284437
11.875830958659597
11.884489021402711
12.283033686666302
11.711776323715394
11.931635799828413
11.751942365440728
12.144197241812087
11.813030057420567
12.110414905333732
11.803353763090035
11.305901295535902
12.481561937216318
11.979799201207037
11.44571671527678
12.095141084822892
11.652687407345388
12.365210866868471
12.240474072247506
11.635143097694478
12.765688433465597
11.732060994886899
11.512925464970229
11.938193200374572
12.188417710291453
12.031719258385396
12.013700752882718
11.728036844587175
11.967180737247824
11.813030057420567
11.94405831982697
11.695247021764184
12.628067055589549
12.604513138701373
12.240474072247506
12.185869938212655
12.388394202324129
11.736069016284437
11.813030057420567
11.744037185933616
11.886211674714158
11.884489021402711
11.744037185933616
12.66032791780777
12.588190652108505
12.043553716032399
12.083905011555967
11.06663836234181
12.058152515453552
11.661345470088502
11.682668239557323
11.603679828238693
12.396693005138824
12.319401330837177
11.914047823644255
11.745425111208464
12.218495165528731
12.971540487669746
11.764462090785656
11.967180737247824
12.729320789294722
12.394624752074764
12.2783933071098
11.759785542901755
11.608235644774552
12.650348126203179
11.512925464970229
11.938193200374572
11.951180395901384
11.856515169360305
12.190959007720126
12.240474072247506
11.982929094215963
11.970350312009105
11.976659481202368
11.946654038351252
11.941455846009388
11.59910316121128
11.06663836234181
11.512925464970229
11.931635799828413
11.763684183317412
11.956912324065804
11.788661466403608
11.751942365440728
11.951180395901384
11.681824001432043
12.128111104060462
11.652687407345388
12.065274916913605
11.982929094215963
11.761346823468706
12.328290278254423
12.476099782743233
11.898935885244258
12.498742259492994
12.748783489541202
12.727422692752377
11.56171562913966
11.883108758933753
12.043553716032399
12.546109948315882
12.141534124392603
12.429216196844383
12.581078546153629
13.323926946863102
12.4130868149145
11.695247021764184
11.744037185933616
13.005829561148378
11.808813773969108
12.100712129872347
11.891361900690473
12.078239274020289
11.693161515273161
11.982929094215963
11.711776323715394
11.86005499606543
12.429216196844383
12.736700896592344
12.360937356091089
11.26446410567173
12.691580461311874
11.867097278690842
11.77528972943772
12.533576212168626
11.356271654924852
12.367340793126296
11.884489021402711
12.2783933071098
11.788661466403608
12.060468671671382
11.560762794384388
11.813030057420567
12.013700752882718
11.472103470449973
11.831379196088763
11.84939770159144
12.106252310247962
12.26434155365415
11.37366339763672
12.287652632522597
12.56549381513693
12.552926520261092
11.99535161421452
11.512925464970229
12.162643087602838
12.160028707028767
12.106252310247962
12.0015054797889
12.2783933071098
11.626254150277232
12.429216196844383
11.840789327054841
11.652687407345388
11.472103470449973
12.321630986164447
12.89621531706982
11.744037185933616
11.951180395901384
9.480367509189243
11.759785542901755
12.154779351142624
11.813030057420567
11.842229212112828
12.093743460556254
11.77528972943772
11.872346634576987
11.585246126549855
12.025749091398891
12.122147410592412
12.269047444691562
12.493129522588037
12.906346868281233
11.580584113444043
11.736069016284437
12.132156962580005
12.250089530946948
12.384218830913648
12.007621706806335
12.100156419938624
11.979799201207037
11.686878772093667
12.043553716032399
11.350406535472453
11.67419361256635
11.845819880243557
11.49272275765271
11.918390573078392
11.982929094215963
12.540757571577291
11.56171562913966
11.960491749097029
11.884489021402711
12.323855681186558
11.608235644774552
12.442302200392747
11.736069016284437
11.289781913656018
12.178187442040638
11.77528972943772
11.77452020265869
11.112447898373103
11.695247021764184
12.206072645530174
11.84939770159144
12.106252310247962
12.061046873479915
11.970350312009105
12.495003937382387
11.911701584927597
12.515393893085436
12.727838209334498
11.99535161421452
12.100712129872347
12.225875272826354
12.332705296463539
11.487607656985938
11.744037185933616
12.254862809699606
12.540757571577291
12.198544379109382
11.77528972943772
12.547887726561882
11.970350312009105
11.904967552746252
11.944707881395766
11.626254150277232
12.487485104968359
11.813030057420567
12.273731294003989
12.287652632522597
12.345834587905333
12.122691036591123
11.891361900690473
12.10293188661066
12.165250651009918
11.626254150277232
12.184849009078548
12.132964173709535
11.191341840842766
11.652687407345388
11.635143097694478
11.227906509937931
12.061046873479915
12.611537753638338
12.071969661006694
11.413105129688017
11.77528972943772
12.146853285870202
12.109010932687042
11.451050061252142
12.38755635142507
12.66032791780777
11.440354772135393
11.827736204810263
12.106252310247962
12.356645504009547
12.128111104060462
12.26434155365415
12.127570417375216
11.898187865760873
12.24288661865289
12.175613438045465
12.377922902456833
11.588960151246226
11.184421397998193
12.14950229404178
11.884489021402711
12.160028707028767
12.697715449879391
12.211060187041213
11.759785542901755
12.200557464842063
11.770663661048937
11.824079893607152
11.870599909242044
12.141534124392603
12.100712129872347
12.016726473799254
11.635143097694478
11.870599909242044
11.947949375319936
12.017330520933296
11.99535161421452
11.685684782260491
12.473535428894305
12.125404742462718
11.607326140391713
11.737667737648135
12.01974306733868
11.472103470449973
11.356271654924852
12.283033686666302
12.551433829568632
12.054813614188037
12.886739773186576
11.964001084330445
12.535376392672774
12.180754837545884
11.870599909242044
12.144197241812087
11.751942365440728
11.682668239557323
11.652687407345388
11.979799201207037
11.736069016284437
11.84939770159144
12.043553716032399
12.058152515453552
11.863582336583399
13.122363377404328
12.100156419938624
11.541512921822141
12.468436909997665
12.259613412458204
12.206072645530174
11.736069016284437
12.691580461311874
11.9891596439666
12.962194625251508
11.805595078933049
12.206072645530174
12.301382825334498
12.531772785169476
11.956970055045868
11.960811288962345
11.842229212112828
11.917723684090689
12.078239274020289
11.512925464970229
11.27720313144916
12.506177237980511
12.41673867533327
12.855790268162783
12.031719258385396
12.058152515453552
12.779873068457553
11.804848531679264
12.998904514672732
12.14950229404178
12.154779351142624
12.823868388846332
11.70766954176274
11.751942365440728
11.507912923146684
11.805595078933049
11.594505451962652
11.84939770159144
11.589886506106357
11.863582336583399
11.820410164718188
11.585246126549855
11.652687407345388
11.736069016284437
11.845819880243557
11.813030057420567
12.641096555879882
12.088976873653927
11.891361900690473
12.007621706806335
11.809319478024031
11.728036844587175
12.834681304952548
12.063932878369052
12.05524975579559
12.230765258120545
11.429543856031177
12.049418835484797
12.072541252905651
12.132964173709535
11.835008964139341
12.504323669331189
11.908340237224891
12.024550768906783
12.477167914377556
12.310432660854417
11.759785542901755
11.992260421644849
12.429216196844383
11.759785542901755
11.456355113481834
11.407564949312402
12.481998382283352
12.059803326028716
11.99535161421452
12.392137188602963
12.238443025560624
12.154779351142624
12.037653993905211
11.594505451962652
11.938193200374572
11.669929213779893
12.429216196844383
12.111761966058932
12.676076274775909
12.936751613811438
12.2783933071098
12.185869938212655
11.467310753709356
12.0015054797889
12.043553716032399
12.072541252905651
12.694652660348845
11.156250521031495
12.163947719229503
11.898187865760873
11.288531131754366
11.715866308966918
12.220961258023925
11.884489021402711
11.56171562913966
12.468882964346784
11.79810440720389
12.025749091398891
12.672162375454773
11.761736763033015
12.190959007720126
12.301382825334498
11.002099841204238
11.801856756822442
11.827736204810263
12.345834587905333
11.84653646931041
11.589886506106357
11.84939770159144
12.211060187041213
11.744037185933616
12.100712129872347
11.379965337713998
12.718896271958837
12.081076155355488
12.154779351142624
11.976659481202368
12.292250341771226
12.26763800118833
11.962853929784913
12.100156419938624
12.034691028774553
12.043553716032399
11.302204433654575
11.76756768334381
11.77528972943772
11.661345470088502
11.827736204810263
11.686038082678873
11.884489021402711
12.28690119819279
12.448037951084972
12.724866438945341
12.524526376648708
12.239990863733635
11.951180395901384
11.635143097694478
12.91349002080202
12.310432660854417
11.76756768334381
12.388394202324129
12.92391243868049
11.951180395901384
11.809319478024031
12.230765258120545
11.779128505744886
11.728036844587175
10.976782033219948
11.917723684090689
12.301382825334498
11.630708500626612
12.92366850649243
12.429216196844383
11.86005499606543
12.117241431823558
12.043553716032399
12.330500223905226
12.246734627249063
12.601487417784837
11.827736204810263
11.630708500626612
12.33569641332368
12.765688433465597
11.76756768334381
12.206072645530174
12.323411137947407
11.910358401381128
12.095141084822892
12.061046873479915
11.755871643580617
11.904967552746252
12.468436909997665
11.928340903931561
12.201060103706629
12.081076155355488
12.296827008798639
11.77528972943772
12.751299696013497
12.942039823273047
11.72399643505017
12.160028707028767
11.44571671527678
11.719939634354555
11.73526869611367
11.401993904262946
12.089538829274222
11.461632170582678
11.827736204810263
11.820410164718188
12.146853285870202
12.216022976383341
11.83862560460953
11.747997587149712
12.688498794774466
11.751942365440728
11.9891596439666
12.581078546153629
11.901583454762012
12.072541252905651
11.608235644774552
11.896826395162552
12.190959007720126
12.542544882151386
11.951180395901384
11.877568578558138
12.450977688625896
12.428015476267865
11.477298287327077
12.100712129872347
11.594505451962652
11.728036844587175
11.635143097694478
12.827992316801751
12.235388699864227
11.694413341015606
12.141534124392603
11.652687407345388
12.301382825334498
11.951180395901384
11.881034786534624
12.27134527214637
11.27720313144916
11.77528972943772
11.84939770159144
12.30591798049989
11.982929094215963
12.524526376648708
12.01974306733868
11.556942350387002
11.608235644774552
11.763684183317412
11.84939770159144
12.285345826424681
12.24288661865289
12.273731294003989
11.794337924408413
11.925035115797062
12.220468525813907
11.27720313144916
12.793581494067123
12.170445467887022
11.76756768334381
12.506177237980511
12.106252310247962
12.106252310247962
12.367340793126296
12.437184366493561
11.512925464970229
12.610870864650634
12.57418196709457
11.350406535472453
11.771436160121729
11.573550086786664
11.941455846009388
12.061046873479915
12.183315658407558
11.835008964139341
12.146853285870202
11.332601910838946
12.206072645530174
12.30591798049989
12.388394202324129
11.887931365593685
11.76756768334381
11.547326891687561
12.269047444691562
12.087429865399402
12.195517131590657
12.037653993905211
12.128111104060462
12.26857785088157
12.458774999085929
12.13779380477688
12.053795210084596
11.982929094215963
11.84939770159144
12.375815420117268
11.626254150277232
12.345834587905333
10.822534482604
11.744037185933616
11.656159633056136
10.747207591575448
11.350406535472453
11.556942350387002
12.674512552799726
12.240474072247506
12.183315658407558
11.841415931849784
13.27851205989426
11.865341351988578
11.740061037553975
11.302204433654575
12.676076274775909
11.982303898822046
12.066810578196666
12.577636201962656
12.310432660854417
12.138863895836725
12.043553716032399
11.982929094215963
10.578979797857352
11.755871643580617
11.842229212112828
12.310432660854417
12.332705296463539
12.1489730534896
11.964001084330445
11.532728092266408
12.136186518066006
11.372513311253483
11.804848531679264
11.904967552746252
11.951180395901384
11.813030057420567
11.542484267211773
11.669929213779893
12.409013489526863
11.491701828518602
11.827736204810263
12.066810578196666
12.128111104060462
11.344506813345266
11.018629143155449
12.170445467887022
11.37366339763672
11.856515169360305
12.118333731222167
11.944707881395766
12.111761966058932
12.209187788430318
12.230765258120545
12.429216196844383
12.127570417375216
11.678439903447801
12.249610947544657
11.751942365440728
12.194000064295905
12.128111104060462
11.811547477460344
11.816726919301892
12.180754837545884
11.66907414746016
12.128656901032139
12.100712129872347
12.128111104060462
12.417103128960582
11.37366339763672
12.429216196844383
11.812289042195847
12.592433082713933
11.915051671812877
12.24288661865289
11.9891596439666
11.790557201568507
10.853000271901186
12.577636201962656
11.99535161421452
11.891361900690473
11.877568578558138
11.686878772093667
13.275827535915461
11.652687407345388
12.415433652431746
11.986049221552207
12.116694834378958
11.84939770159144
11.79810440720389
12.198544379109382
12.662706040212738
12.371587084007746
12.206072645530174
12.456831363877356
12.141534124392603
11.661776411702583
11.065074640365626
11.884489021402711
11.931635799828413
12.100712129872347
11.870599909242044
11.675044314446664
12.128111104060462
12.991753427493052
11.967180737247824
12.154516158615772
11.813030057420567
12.089538829274222
12.676076274775909
12.127570417375216
11.744037185933616
11.451050061252142
11.55214617812351
12.09458226949681
11.585246126549855
11.72399643505017
11.777210959615614
11.763684183317412
11.856515169360305
11.824079893607152
11.385092093460344
12.560244459250788
12.119969946476761
12.618182296357007
12.478006361013815
11.884489021402711
11.845819880243557
12.417143615610113
11.424094251263613
11.852962767755937
11.911701584927597
11.967180737247824
12.01974306733868
12.375815420117268
12.154779351142624
12.312682380588432
11.973509872299472
12.904207367601158
12.560244459250788
11.884489021402711
11.9891596439666
11.37366339763672
11.589886506106357
11.973509872299472
12.05524975579559
11.652687407345388
11.48246625748552
11.326595886778735
12.46997418931655
12.269671662972327
11.763684183317412
12.180754837545884
11.884489021402711
12.016726473799254
12.058152515453552
12.052338545588132
11.37366339763672
12.01309450854769
11.289781913656018
12.089538829274222
11.612770799939945
12.100712129872347
12.10799664436583
12.013700752882718
11.512925464970229
12.388394202324129
12.339291489316397
12.004568269319446
11.711776323715394
11.06663836234181
12.072541252905651
11.350406535472453
12.542187675503545
11.931635799828413
11.280678099406549
11.751942365440728
12.128111104060462
12.072541252905651
12.936033799212835
12.05524975579559
12.308177868467327
12.827729194939907
12.087255325185739
11.607326140391713
12.218495165528731
12.266697267346608
12.506177237980511
12.160028707028767
12.513557345278134
11.789799338705405
11.719939634354555
12.490875577231112
12.66349749256905
12.049418835484797
11.694413341015606
11.379394072345706
12.371587084007746
11.2708539037705
12.014609430818936
12.560244459250788
12.188417710291453
11.904967552746252
11.842229212112828
11.870599909242044
11.813030057420567
12.121875486729419
11.944707881395766
12.669806661762314
12.05524975579559
11.771436160121729
12.292250341771226
11.396391648714276
11.827736204810263
11.314474526246391
12.388394202324129
12.067901936471507
12.128111104060462
12.165250651009918
12.520883385370206
12.106252310247962
11.934919875029603
12.628067055589549
11.887243844081556
12.345834587905333
11.350406535472453
11.511924964636645
11.532728092266408
11.439278924801929
12.26434155365415
12.66032791780777
12.739637756265655
12.133501952695338
11.406453220459712
12.523525876315125
11.77528972943772
11.794337924408413
11.951180395901384
12.675763725937609
12.167851432709975
11.686878772093667
12.17921519136029
12.269047444691562
12.247694320220994
11.891361900690473
11.699405031912846
11.651817463836847
11.794337924408413
12.152144303504619
12.26434155365415
12.323855681186558
11.918390573078392
12.01974306733868
11.845819880243557
11.898187865760873
12.41186655850927
11.964001084330445
12.387085012375499
12.299107511497363
11.99535161421452
12.141534124392603
11.589886506106357
11.686878772093667
11.918390573078392
11.982929094215963
11.856515169360305
11.790557201568507
12.54966234992025
12.072541252905651
11.883799128308773
11.951180395901384
11.904967552746252
12.165771348756648
11.728036844587175
11.76756768334381
11.934919875029603
12.491172637278908
11.842229212112828
12.066810578196666
11.711776323715394
11.813030057420567
12.511717418356127
11.842229212112828
11.53076538309856
11.827736204810263
12.706544857216672
12.955127458028414
11.951180395901384
12.449018824140563
11.170435156023453
13.329377546788654
12.35017298950393
12.007621706806335
11.603679828238693
12.344964644396793
12.175613438045465
12.759957758756611
12.299107511497363
12.266697267346608
11.695247021764184
13.049792684569493
11.617285480294472
12.081076155355488
11.917723684090689
12.273731294003989
11.763684183317412
12.031719258385396
11.512925464970229
11.401669829409995
12.387977448827787
12.225875272826354
11.931635799828413
11.79810440720389
11.584315461056901
11.898187865760873
11.652687407345388
11.969717200243734
12.299107511497363
12.594391594803367
11.736069016284437
11.848683160653573
12.721885810807203
12.154779351142624
11.835008964139341
12.464583340681674
11.822613617684624
12.122691036591123
12.154779351142624
11.884489021402711
11.608235644774552
12.013700752882718
12.083905011555967
11.973509872299472
11.225243392518447
11.732060994886899
12.577636201962656
12.90216299072889
12.834681304952548
12.24288661865289
11.852962767755937
12.144197241812087
11.594321103174222
11.845819880243557
12.407379502235209
12.089538829274222
12.086382166860469
12.359780370124389
12.988040814744458
11.863582336583399
12.542544882151386
12.24288661865289
11.944707881395766
11.512925464970229
11.198214720130528
11.77528972943772
11.56171562913966
12.330500223905226
12.205572520488492
11.870599909242044
12.2783933071098
12.042965307660024
12.384218830913648
12.100712129872347
12.464583340681674
11.99535161421452
11.308358299228955
12.382124589310534
11.763684183317412
12.095141084822892
11.643953727376633
11.440354772135393
11.703545824578878
12.468436909997665
11.736069016284437
12.345834587905333
12.301382825334498
12.323855681186558
12.644617856906528
11.891361900690473
12.075394321888057
11.884489021402711
11.002099841204238
13.017002861746503
12.130810161029627
12.016122061571728
12.344964644396793
11.641512152666213
12.686218418914901
11.812289042195847
11.994734139665727
11.951180395901384
11.326595886778735
12.943236711506893
12.431533509799543
11.856515169360305
11.877568578558138
11.884489021402711
12.535376392672774
12.409013489526863
12.751299696013497
12.269047444691562
12.631013530138995
11.835008964139341
12.441144767709657
12.230277334226992
11.84939770159144
11.842229212112828
11.635143097694478
12.423198124518821
11.652687407345388
12.468436909997665
11.33857207782545
12.826649133255284
11.580584113444043
11.790557201568507
11.79810440720389
12.218495165528731
11.894780707439258
12.230765258120545
12.56374708980199
12.141534124392603
12.072541252905651
11.967180737247824
12.820987977820545
11.984490374782917
11.571194373094205
11.856515169360305
12.0015054797889
13.345506928718539
13.053013299269535
11.79810440720389
11.831379196088763
12.345834587905333
11.898187865760873
11.711776323715394
11.444314663342436
12.058152515453552
11.820410164718188
12.269047444691562
12.49612690212701
11.918390573078392
12.560244459250788
12.837775180646194
12.445089546000673
12.061046873479915
12.220961258023925
12.063932878369052
12.09884928474215
11.824079893607152
12.117241431823558
12.54521987260069
12.41044104151805
12.043553716032399
12.136186518066006
12.498742259492994
12.066810578196666
12.128111104060462
12.568978139219542
11.77528972943772
11.77452020265869
12.448626590364206
11.691071650353702
12.314927050442256
12.078239274020289
11.813030057420567
11.908340237224891
12.007560729337492
12.692503112461443
12.128111104060462
12.323855681186558
11.976659481202368
11.755871643580617
11.728036844587175
12.287652632522597
12.328294703023394
12.46651198158808
12.210189161042013
11.418614785498987
12.352335152508426
11.850825253582627
11.982929094215963
11.782952602183288
12.063932878369052
11.881034786534624
11.938193200374572
13.226723392728571
10.691944912900398
11.732060994886899
12.425208175446844
12.506177237980511
11.736069016284437
11.894780707439258
11.715866308966918
12.122691036591123
11.074420502783864
12.706847933442663
12.230765258120545
11.794337924408413
12.083905011555967
11.904967552746252
11.982929094215963
11.790557201568507
11.809319478024031
12.010665849187564
11.848683160653573
11.877568578558138
12.165250651009918
12.287652632522597
11.951180395901384
11.740061037553975
11.711776323715394
11.49781182716018
12.588610248994634
12.364144200100668
11.976659481202368
12.254862809699606
11.344506813345266
11.736069016284437
12.66032791780777
12.072541252905651
11.786762130599957
11.695247021764184
11.603679828238693
11.82700601127654
11.225243392518447
12.752672666102043
11.751942365440728
12.273731294003989
11.925035115797062
12.049418835484797
12.669806661762314
12.733551825822538
12.030528073015242
11.918390573078392
12.388394202324129
12.028738630247258
11.870599909242044
11.842229212112828
12.421184025147118
11.440354772135393
11.608235644774552
12.273731294003989
12.01364014498549
12.273731294003989
12.229545001715316
11.626254150277232
11.882763395435243
12.791356180214175
11.946031680112146
11.898187865760873
12.468436909997665
11.790557201568507
11.884489021402711
12.086725887897607
11.982929094215963
11.801856756822442
11.84939770159144
12.367340793126296
11.970350312009105
11.711776323715394
11.77452020265869
12.013700752882718
11.566466231898259
11.884489021402711
12.206072645530174
12.542544882151386
11.695247021764184
12.614865543731012
12.061046873479915
12.111761966058932
11.728036844587175
12.524526376648708
12.270220465353926
11.927680619985486
12.43320821811392
12.841129801965447
12.345834587905333
12.05466819137094
11.834284063781393
12.86099861326992
11.643953727376633
12.528156144699286
11.894780707439258
12.676076274775909
12.520883385370206
11.992260421644849
11.831379196088763
11.580584113444043
12.14950229404178
12.478006361013815
12.2783933071098
12.394624752074764
12.225875272826354
12.577636201962656
11.834284063781393
12.089538829274222
11.589886506106357
12.269047444691562
11.842229212112828
11.911701584927597
11.542484267211773
12.100712129872347
11.890676734510876
11.350406535472453
11.835008964139341
12.460714863903755
12.936033799212835
12.103486056755072
11.507912923146684
11.827736204810263
12.301382825334498
12.078239274020289
12.119969946476761
12.45254202214788
12.111212364506214
12.592912033515141
11.512925464970229
11.77528972943772
12.058152515453552
11.685684782260491
12.2783933071098
11.56171562913966
12.14950229404178
11.608235644774552
12.421184025147118
11.48246625748552
11.740061037553975
11.918390573078392
11.957611286231675
12.206072645530174
12.086725887897607
11.694413341015606
11.751942365440728
11.951180395901384
11.77528972943772
11.502875129116727
11.385092093460344
12.154779351142624
12.66032791780777
13.071070083016778
11.891361900690473
12.2783933071098
11.691071650353702
12.308177868467327
12.273731294003989
11.751942365440728
11.731257459287216
11.941455846009388
12.388394202324129
12.004568269319446
11.648365035864053
12.043553716032399
11.964001084330445
12.474189562487116
11.575900264131617
11.917723684090689
11.957611286231675
11.938193200374572
12.136186518066006
12.01974306733868
11.59910316121128
11.751942365440728
11.964001084330445
12.384218830913648
11.870599909242044
11.925035115797062
12.456831363877356
12.533576212168626
12.271392111650817
12.644369511065932
12.540757571577291
12.567237494741757
12.250089530946948
12.950981760648709
12.66032791780777
12.253433216890011
11.90429164869889
12.310432660854417
11.571194373094205
11.477298287327077
10.47194980911048
12.649154617209645
12.398756989359676
12.077670930725649
12.367340793126296
12.623061104072981
12.445089546000673
11.77528972943772
12.449018824140563
12.449018824140563
11.84939770159144
11.918390573078392
11.104957226643945
12.043553716032399
12.259613412458204
12.170445467887022
11.84939770159144
11.728036844587175
11.805595078933049
11.349229372299439
12.375815420117268
11.715866308966918
11.77528972943772
11.887931365593685
11.608235644774552
12.043553716032399
11.883799128308773
11.630708500626612
11.877568578558138
12.336552511980964
11.84939770159144
12.8790171187726
12.594730635321957
12.004568269319446
11.986049221552207
11.863582336583399
11.73526869611367
13.195613839143922
10.915088464214607
12.043553716032399
11.074420502783864
11.820410164718188
12.034691028774553
12.025749091398891
12.736700896592344
11.661345470088502
12.254862809699606
12.652359748158593
12.2960778698166
11.50891744357269
12.078239274020289
12.32048556427219
12.080509422554828
11.915051671812877
13.021326833226556
11.648330101976432
12.31716669303576
12.4529327234617
12.043553716032399
12.09949472246591
11.969717200243734
11.834284063781393
11.964001084330445
11.842229212112828
12.277928082630602
11.964001084330445
11.941944326032129
11.608235644774552
12.367885325692589
11.831379196088763
11.418614785498987
11.042921835724492
11.856515169360305
11.719939634354555
12.911642346088676
12.0015054797889
12.138863895836725
12.506177237980511
12.128111104060462
11.918390573078392
11.898187865760873
12.091783499128047
11.288531131754366
12.259139366466865
11.665646551987892
11.863582336583399
12.665078520566368
12.078239274020289
12.301382825334498
11.982929094215963
12.323855681186558
11.326595886778735
12.429216196844383
